3000
244 607 558
134 379 938
619 486 641
595 68 621
14 931 858
481 266 565
240 197 735
482 554 857
563 488 407
655 882 155
238 651 156
889 949 536
400 760 16
688 796 66
164 777 981
606 44 309
799 32 844
887 276 485
610 737 943
900 397 732
808 944 438
405 746 821
591 456 988
959 138 900
375 100 37
140 507 223
265 989 689
447 798 642
876 309 432
520 854 396
588 360 547
600 418 599
238 926 345
699 938 952
30 877 287
621 688 713
168 716 882
335 988 555
927 586 583
107 731 672
217 649 852
588 274 292
128 65 494
875 655 496
91 353 820
69 421 919
155 21 301
438 788 426
894 122 46
620 630 780
47 387 736
601 339 565
903 945 286
518 242 37
318 8 79
111 615 549
33 972 203
995 418 299
626 270 160
707 44 889
348 322 369
982 142 919
883 387 386
472 891 533
396 660 888
610 698 573
106 636 997
964 831 520
278 442 650
738 733 244
959 309 448
265 534 311
562 348 12
808 426 594
323 21 386
631 604 648
137 62 649
643 341 478
362 696 940
362 624 724
286 756 502
23 604 63
978 693 22
987 379 258
644 468 306
607 616 328
182 373 190
321 777 379
865 610 271
308 807 387
108 791 833
28 995 583
701 753 135
318 513 228
670 824 276
245 336 192
695 446 666
715 100 105
616 330 972
342 692 854
230 449 830
877 984 174
82 345 760
666 224 907
583 462 278
231 806 124
35 543 981
196 323 827
857 859 589
188 885 286
349 827 848
658 88 826
635 354 604
133 432 299
531 813 871
278 476 355
650 427 298
430 582 420
37 943 424
160 205 5
489 966 853
902 638 523
445 573 973
950 735 228
34 764 468
857 772 679
766 532 987
296 557 350
912 233 883
70 879 603
995 294 123
830 251 47
36 926 823
711 525 947
204 919 905
922 441 591
51 14 493
764 124 176
516 308 245
679 21 538
550 424 55
962 935 627
117 350 129
259 996 883
554 489 832
802 63 361
227 203 126
548 909 837
123 176 246
811 281 944
911 826 132
844 943 8
500 644 585
884 410 52
775 278 255
276 633 540
533 434 53
485 331 796
840 2 878
57 794 130
48 128 52
71 495 999
34 875 730
89 528 515
502 324 161
323 74 360
396 663 399
601 312 370
272 196 337
439 127 131
569 4 734
741 390 815
82 581 183
44 383 472
619 666 802
555 390 652
821 45 638
908 442 55
382 643 509
779 720 323
431 974 711
429 472 19
251 224 549
277 712 605
74 823 436
230 437 134
901 29 959
334 384 993
920 573 810
892 269 125
476 708 127
962 833 750
679 871 909
543 812 386
684 112 752
327 578 545
106 832 602
734 6 485
147 242 793
399 46 540
95 578 102
676 902 385
184 840 25
350 862 873
125 27 865
118 690 494
857 714 976
292 593 307
818 91 38
786 578 524
542 733 245
110 568 767
103 957 567
63 564 333
891 578 185
848 80 248
185 662 256
466 631 717
772 966 404
259 377 614
407 962 359
570 429 990
86 385 513
241 997 952
423 864 766
991 165 426
708 583 775
594 691 947
530 703 496
160 659 411
919 909 153
167 99 510
767 496 939
716 530 974
454 601 737
879 191 140
274 771 204
151 600 528
323 958 238
872 708 551
977 799 303
688 723 876
424 610 875
599 599 274
911 223 315
24 275 491
824 392 206
177 584 370
245 330 495
793 885 148
429 715 492
719 614 211
480 595 855
924 842 669
571 29 493
739 75 878
971 410 802
752 904 984
47 479 933
236 913 241
664 735 796
692 71 982
223 875 261
248 912 195
795 265 141
192 637 722
692 880 38
922 957 262
174 886 47
321 188 434
94 747 819
88 121 95
271 854 936
299 37 366
464 595 752
692 345 8
31 343 340
447 389 498
80 216 660
600 761 979
502 401 129
558 327 123
905 282 79
682 443 116
449 909 541
931 257 100
541 964 718
384 695 791
378 776 462
303 679 693
687 670 967
826 837 272
110 773 968
985 347 689
580 550 539
117 683 506
521 361 61
736 302 695
746 580 761
187 662 662
748 647 154
184 380 912
943 672 466
127 111 955
574 145 943
340 661 738
666 612 431
569 308 664
192 469 494
320 801 181
723 71 110
734 186 773
568 557 590
758 402 368
103 273 278
393 55 894
140 44 491
517 278 254
713 788 528
363 897 341
968 414 459
555 829 791
71 362 510
868 115 156
277 605 103
698 116 578
798 932 745
115 190 715
194 581 427
687 762 401
836 767 132
607 623 150
881 408 818
199 558 541
175 583 184
207 890 257
379 801 301
31 863 823
456 913 418
973 835 393
324 566 928
598 318 649
510 542 704
724 307 918
881 684 496
31 616 196
745 650 3
111 789 775
678 240 504
178 537 641
472 204 199
801 543 217
38 833 513
949 662 970
455 115 580
291 983 674
914 157 139
479 812 91
639 946 52
27 369 634
240 519 80
511 552 20
953 348 331
337 892 353
712 711 138
83 879 860
616 794 950
35 734 82
758 352 827
211 955 65
883 205 448
716 776 227
497 324 112
806 44 419
80 866 206
723 165 401
510 485 717
70 551 873
433 214 665
501 312 24
476 469 776
708 412 449
185 467 921
39 737 263
376 870 380
459 543 371
611 412 230
994 3 824
215 265 802
379 147 876
472 547 200
163 215 23
175 599 414
516 173 652
29 143 113
624 173 454
503 190 62
862 23 413
459 326 418
34 721 732
53 245 413
41 407 506
28 931 989
905 225 248
97 399 486
196 169 341
638 119 355
935 127 609
54 827 746
298 282 807
965 477 809
956 985 308
501 256 575
273 31 835
346 645 354
325 96 59
699 446 993
92 607 633
4 108 32
698 93 20
175 516 38
494 56 194
671 522 922
340 206 922
998 776 489
349 823 491
940 360 963
675 36 392
313 770 622
647 970 404
90 971 301
189 871 423
118 520 400
561 343 550
697 798 951
413 179 858
758 886 752
396 856 961
567 368 946
189 372 821
425 449 235
456 799 720
493 354 276
841 174 520
738 771 621
938 728 714
397 973 499
44 158 176
728 770 24
843 479 95
777 709 694
677 100 328
243 616 864
821 658 58
900 627 894
50 461 478
919 890 751
663 342 379
2 74 200
409 806 979
938 108 347
583 319 113
462 83 842
665 216 247
705 50 157
958 661 147
600 12 115
236 295 991
214 226 872
576 528 430
518 800 929
619 327 808
905 549 801
193 479 182
638 82 43
846 826 116
613 25 880
990 104 205
966 915 262
88 112 477
409 229 846
850 697 631
112 658 498
780 685 893
717 355 413
618 677 457
797 114 299
856 968 609
455 835 389
211 120 553
8 476 307
746 659 80
350 355 197
497 772 74
947 566 703
753 374 434
803 664 69
621 532 220
256 359 859
64 344 242
442 450 87
257 224 331
170 768 954
212 744 224
896 897 753
627 475 954
729 549 874
429 377 971
196 925 639
973 420 496
916 793 417
481 602 943
36 300 981
957 19 190
914 99 29
740 155 302
516 532 63
655 484 42
200 764 213
283 504 443
39 354 480
760 202 765
801 295 147
106 455 307
931 421 455
80 211 157
500 782 830
718 292 385
826 898 650
382 966 166
442 320 963
475 486 539
556 228 369
980 874 296
293 31 475
383 909 368
827 851 305
766 249 953
827 533 11
15 135 645
544 153 549
22 170 973
52 2 209
789 813 477
364 989 805
372 566 36
502 190 245
14 284 443
927 347 856
53 618 560
831 97 461
320 269 254
689 822 511
429 741 267
348 46 31
440 39 643
692 170 935
780 828 578
254 977 139
762 777 862
809 423 522
769 851 346
566 137 287
18 173 47
18 498 659
62 919 836
928 472 479
534 682 773
951 881 834
618 528 425
380 531 648
175 301 188
76 701 143
853 561 105
418 793 361
455 466 286
823 262 464
290 983 543
160 592 323
144 535 39
422 498 872
237 848 470
954 600 628
280 32 325
589 613 563
119 500 129
287 805 727
772 934 275
105 446 685
78 381 35
528 499 918
771 984 847
659 459 200
319 943 355
186 670 393
965 849 407
324 51 278
220 973 39
967 325 326
626 402 569
289 37 135
428 257 424
921 82 508
236 980 205
756 82 715
539 118 761
648 859 127
647 859 838
902 6 965
289 998 985
709 72 442
275 495 473
275 297 560
573 49 179
242 499 981
173 148 154
928 723 183
707 479 691
408 663 9
146 402 56
185 778 642
181 319 195
665 843 134
896 151 50
537 984 156
548 220 392
798 110 444
400 187 27
288 107 135
118 149 303
130 393 361
961 937 619
79 957 197
8 962 380
146 490 252
66 363 560
974 917 497
107 721 868
321 485 22
758 354 544
767 875 801
454 583 418
476 551 552
313 453 153
548 468 853
394 206 775
609 303 956
768 869 766
184 308 987
880 861 983
172 325 273
861 208 134
55 619 59
420 630 894
183 118 588
15 162 891
126 814 414
583 702 384
538 714 785
282 95 475
554 595 452
334 150 605
615 224 331
468 519 578
383 653 326
606 368 720
616 790 741
959 353 883
708 856 350
294 305 277
187 127 617
513 227 750
350 747 661
255 290 446
991 274 464
133 490 343
545 808 896
181 636 542
534 453 633
53 71 428
436 564 868
626 797 299
61 243 875
391 394 217
77 376 527
220 57 562
506 906 121
442 750 889
399 729 574
371 13 308
381 518 380
409 450 382
930 668 702
897 107 599
507 150 332
226 1 380
66 630 1
143 907 84
215 329 446
290 202 31
30 552 751
944 322 548
456 756 373
849 739 858
821 935 219
452 348 699
599 124 522
902 951 388
231 487 143
912 315 294
566 195 121
844 178 614
904 87 442
29 816 360
392 8 502
853 189 485
281 144 399
209 524 652
443 601 644
973 676 306
447 294 100
656 764 708
899 86 66
453 899 772
764 329 68
871 10 333
492 935 433
647 916 97
847 676 340
660 429 903
597 232 906
331 207 664
402 982 91
54 657 531
28 925 958
522 537 246
588 849 88
185 238 841
481 845 878
941 552 406
292 353 467
678 984 542
233 208 587
306 351 922
603 137 596
545 374 635
531 364 323
788 881 932
599 879 740
756 539 209
458 62 739
444 879 320
645 199 506
893 875 222
189 843 107
961 468 123
951 936 514
407 863 218
323 191 773
39 335 511
253 394 902
872 698 854
747 59 243
411 376 399
229 182 292
257 354 270
55 711 989
349 750 114
213 226 312
453 178 579
173 252 495
717 215 221
831 687 374
624 238 180
701 770 544
404 613 553
435 613 182
644 310 453
384 58 81
806 550 881
469 502 19
593 181 275
533 921 430
703 507 228
399 838 513
497 355 416
634 495 777
184 118 735
430 348 886
750 148 598
330 111 358
541 151 872
306 490 645
553 156 884
945 458 384
505 43 597
356 844 650
208 639 96
719 780 999
566 608 311
599 914 695
906 296 555
332 421 857
946 767 667
299 946 12
434 695 573
753 783 360
433 491 379
581 186 256
303 715 194
577 855 395
731 113 332
568 166 328
938 743 498
177 555 404
477 201 930
419 567 591
375 110 742
57 622 494
719 207 170
518 682 172
123 104 566
551 121 946
397 890 571
528 324 407
281 68 492
283 701 322
236 965 268
121 217 971
113 489 381
445 152 269
379 986 698
191 272 586
799 524 971
205 683 229
253 265 810
356 752 352
925 110 101
890 721 139
769 86 231
469 342 998
118 335 849
781 146 170
44 684 503
276 522 137
382 922 892
452 763 439
517 580 704
588 438 824
441 264 303
558 279 600
923 398 158
48 33 175
442 656 2
217 810 777
135 518 747
977 213 869
716 745 660
382 264 45
644 571 578
764 989 944
367 208 121
163 223 979
758 76 497
439 757 296
154 120 558
345 685 835
619 749 166
266 141 89
640 82 906
697 142 98
8 715 85
645 805 532
401 726 467
567 680 626
454 270 181
718 847 3
72 289 699
716 426 175
7 34 345
531 744 336
855 995 371
105 46 822
217 398 12
825 549 456
959 684 739
335 643 230
452 464 243
820 6 354
221 236 162
426 402 99
405 324 587
118 559 683
612 250 297
99 26 416
28 603 348
229 202 466
583 523 272
656 781 616
391 679 920
754 215 535
601 437 653
316 820 65
183 814 463
513 544 103
291 949 962
596 962 639
152 450 532
130 316 535
173 232 376
539 303 126
75 512 70
492 822 254
759 947 789
425 21 12
24 485 637
5 60 726
521 890 492
928 14 50
353 692 304
313 837 484
504 308 798
313 822 136
317 641 577
91 416 988
666 45 117
988 698 197
244 86 163
763 401 544
767 788 740
521 143 646
169 85 985
691 309 525
875 986 524
7 508 70
371 693 512
949 88 432
683 729 341
574 802 401
445 477 352
617 961 30
331 313 493
756 651 265
806 485 766
263 211 367
100 667 269
762 491 980
431 489 772
208 738 346
615 60 680
246 599 50
626 412 248
395 186 327
101 670 183
936 514 464
262 442 905
432 579 591
349 387 442
839 41 374
751 837 770
404 373 926
743 401 280
539 225 142
234 901 202
785 621 32
658 424 746
866 107 619
785 411 490
490 388 515
516 572 444
628 205 486
405 60 662
574 733 166
937 23 200
580 913 701
820 986 731
100 837 142
406 796 526
921 119 125
107 609 220
970 941 301
563 876 132
929 433 446
149 162 221
708 850 642
433 510 324
642 454 527
951 30 261
564 19 605
972 352 325
566 395 220
125 289 204
88 212 910
399 250 876
227 893 961
342 235 757
923 95 342
572 311 793
222 854 556
213 574 747
408 2 520
660 306 836
858 246 957
149 772 285
840 600 73
811 257 353
209 298 159
353 992 222
927 205 937
641 572 801
120 466 438
258 58 547
927 405 272
593 296 849
969 539 206
462 945 209
319 358 681
91 110 432
920 792 409
733 354 815
671 798 608
244 257 766
128 623 590
126 26 178
893 328 353
616 174 229
336 49 117
798 325 622
557 70 417
914 343 570
298 21 499
453 798 725
449 787 173
495 1 124
802 175 379
868 875 491
285 392 868
529 203 867
472 385 485
371 714 375
750 12 957
558 338 491
578 508 549
463 11 484
76 733 313
191 240 545
118 676 888
178 180 755
815 986 267
322 81 372
554 5 860
227 866 342
899 16 626
55 389 170
110 657 774
515 463 357
762 497 815
9 472 694
445 897 668
562 759 83
112 913 782
94 682 88
207 851 107
288 86 679
341 30 819
216 51 733
451 39 127
523 911 960
741 220 335
722 456 762
635 312 785
330 715 978
15 881 197
719 550 662
994 16 223
773 601 446
132 719 868
358 456 532
535 421 686
484 140 635
747 937 820
311 881 645
289 80 240
777 169 558
921 342 449
826 400 248
533 930 716
549 326 299
345 354 785
769 796 176
304 382 76
189 951 396
748 311 609
467 415 989
982 523 441
841 222 944
103 641 360
8 616 752
374 452 970
57 666 657
470 543 677
845 617 258
633 911 508
548 536 763
504 796 852
760 197 868
805 306 90
870 708 75
833 497 802
454 406 729
169 208 875
269 732 137
983 575 929
591 269 1
183 960 205
641 981 244
466 692 580
122 297 377
676 197 833
530 688 104
2 333 451
309 501 614
46 935 809
652 327 802
301 183 641
471 599 579
509 319 880
532 488 352
247 66 207
567 37 373
901 550 76
356 842 8
184 39 486
162 335 97
175 872 374
595 844 245
488 728 522
650 551 64
12 770 559
235 696 327
146 585 293
574 256 358
883 804 839
358 594 386
153 466 439
687 719 415
60 475 944
413 862 23
955 663 716
792 633 83
999 941 274
430 313 374
127 9 185
987 818 818
98 418 762
46 406 706
899 434 778
256 704 80
866 445 44
971 272 965
378 189 440
930 687 357
901 424 758
21 951 240
713 613 366
992 521 239
767 974 835
393 379 711
364 295 630
163 234 373
905 755 1
251 665 161
498 270 200
141 584 894
486 986 778
906 542 601
843 893 454
905 908 170
770 848 415
854 262 391
778 587 402
95 212 387
669 109 216
894 776 678
589 371 846
812 366 266
311 861 927
716 679 663
388 661 575
793 446 158
659 353 530
78 293 330
907 617 777
817 285 745
199 198 749
712 843 408
669 840 219
668 738 222
536 239 383
892 604 270
460 253 665
924 770 122
764 114 526
585 980 969
20 673 899
594 423 874
869 33 978
812 848 639
560 599 961
319 320 635
366 129 762
539 136 264
935 955 177
824 485 788
774 689 395
268 537 246
166 693 879
601 783 803
779 492 86
199 840 364
13 579 689
500 893 61
572 432 444
909 119 640
401 323 421
834 309 364
652 919 600
411 877 80
476 996 200
73 699 260
449 790 749
118 272 558
70 880 241
605 553 357
285 777 655
846 254 594
696 642 935
331 886 418
51 78 996
588 2 152
201 640 231
670 812 109
206 364 174
547 785 89
173 405 516
467 24 921
107 840 332
213 392 805
923 425 800
228 112 48
91 721 70
575 739 311
690 853 869
202 188 456
189 90 706
359 75 906
498 513 676
158 146 243
231 660 497
285 415 909
689 63 906
890 237 637
308 842 691
363 902 71
656 177 164
642 636 27
460 113 789
802 243 900
111 877 178
858 138 569
979 897 324
715 217 571
795 436 960
25 302 92
449 256 515
472 243 124
416 994 874
591 641 759
620 915 165
232 678 908
903 982 541
274 101 129
480 820 886
912 915 818
419 28 617
396 117 853
241 558 429
888 763 169
91 79 951
485 31 831
993 180 243
332 839 622
838 930 978
341 482 937
716 471 300
79 853 929
112 820 905
368 607 587
64 22 964
368 324 37
70 184 266
123 28 883
289 704 727
636 482 647
7 875 955
843 432 732
919 394 52
258 352 160
865 561 361
210 666 758
70 329 802
594 307 560
765 643 389
160 399 263
85 706 599
219 502 688
522 989 93
399 314 985
74 630 895
968 747 539
561 771 323
699 253 200
227 531 741
595 403 475
977 676 650
931 298 815
712 832 972
147 157 721
702 643 678
961 578 3
247 177 519
465 382 756
723 425 606
827 408 761
450 526 576
309 416 547
390 810 983
311 81 729
843 620 632
762 324 901
109 82 939
991 395 625
433 267 725
476 305 100
237 465 858
584 729 625
888 496 167
889 111 599
389 733 508
217 728 449
306 22 755
898 599 296
695 807 299
76 141 607
911 193 741
44 44 490
422 533 398
628 824 385
883 952 441
803 15 158
774 5 386
984 890 421
461 108 251
182 856 717
700 181 660
383 116 694
584 361 931
670 933 972
941 812 755
644 356 641
26 318 372
656 51 665
864 602 286
503 338 770
3 210 388
731 733 921
37 902 259
965 8 85
255 838 330
595 487 72
490 645 408
8 386 870
20 310 463
947 992 920
571 140 683
413 254 157
446 776 513
98 70 76
888 119 254
880 20 254
708 331 321
457 809 566
48 424 232
970 77 349
115 488 670
883 720 250
391 179 858
857 849 324
176 914 973
842 368 382
571 341 921
104 930 895
184 454 87
351 858 181
360 232 96
895 982 134
481 568 312
640 476 533
298 515 102
408 68 197
107 841 76
919 894 578
247 258 324
935 659 207
178 176 999
641 751 852
807 587 538
113 720 884
160 202 352
651 331 812
951 774 243
78 684 873
178 410 736
11 252 809
288 953 317
49 382 466
924 380 341
551 311 345
798 589 452
582 923 877
102 880 347
724 735 200
715 704 267
593 958 495
232 581 458
313 729 203
710 935 992
376 831 109
488 120 524
510 693 187
348 680 153
52 341 63
854 626 281
3 935 241
312 379 919
267 184 617
455 694 132
153 323 536
374 610 551
529 222 716
318 898 330
435 920 728
83 810 427
239 875 586
128 262 583
800 111 866
141 528 18
500 450 266
880 329 290
214 293 409
818 758 80
922 18 122
680 437 91
808 541 971
149 740 617
165 872 519
464 247 280
337 639 439
717 990 59
404 246 11
386 852 518
569 281 290
675 975 262
161 927 857
361 19 227
758 81 178
130 808 221
623 904 77
427 9 454
420 983 706
990 534 785
485 246 95
336 787 518
654 265 528
356 27 218
600 247 574
768 833 618
608 457 617
483 663 629
654 702 778
24 764 864
510 474 701
351 172 982
346 775 90
359 844 26
258 448 546
451 321 384
609 101 31
591 563 261
147 781 968
542 98 300
456 846 301
459 501 87
527 287 304
54 367 440
284 931 230
963 668 351
159 899 246
488 209 571
382 65 654
16 23 569
502 613 436
289 678 597
847 737 407
716 618 386
279 378 466
728 651 604
54 857 527
435 515 102
188 600 255
156 844 322
358 66 198
292 515 534
784 409 265
360 975 331
721 222 8
517 19 615
462 92 324
605 666 316
851 444 961
112 135 594
713 127 354
845 114 180
897 133 931
630 806 745
652 598 196
569 194 693
471 669 860
880 984 877
500 312 927
213 685 559
326 604 314
362 652 882
803 870 363
704 590 549
657 713 768
200 384 828
372 131 294
926 930 641
937 284 751
196 429 615
370 476 902
714 470 101
84 897 15
440 688 451
464 757 871
621 538 456
366 300 947
478 368 33
766 263 163
846 932 124
52 89 49
869 292 383
462 543 474
602 940 736
749 327 5
789 857 1
881 868 210
318 595 641
465 311 940
768 577 386
238 617 822
329 409 853
368 796 828
207 654 775
508 966 697
243 874 196
515 954 809
987 217 133
795 69 953
734 270 751
800 468 305
674 807 137
521 844 484
918 128 431
669 388 718
479 298 243
47 498 93
913 266 77
245 762 385
918 24 768
455 137 850
396 969 973
688 873 726
52 840 115
728 510 782
484 937 646
440 341 35
613 320 124
14 622 280
644 605 367
282 957 255
697 97 574
367 887 529
728 606 890
966 899 73
487 262 568
79 386 953
550 648 454
673 92 834
991 3 318
926 330 341
888 644 322
414 612 764
142 310 375
285 625 256
862 743 542
467 115 160
523 364 834
582 253 382
845 607 88
864 581 656
368 821 212
311 754 891
791 964 193
543 158 24
970 88 783
776 540 889
751 742 576
521 402 554
623 119 981
613 57 710
211 570 626
505 872 427
666 615 360
374 244 751
751 877 950
914 899 586
411 77 763
978 831 418
385 203 774
224 396 486
206 777 1
381 742 380
771 856 44
799 64 350
327 112 214
537 750 477
195 275 599
331 565 371
358 435 876
997 448 680
525 928 683
612 415 987
191 385 976
265 770 764
559 405 508
716 633 933
303 20 75
452 559 560
922 104 102
116 863 383
502 264 788
607 279 831
219 578 910
100 490 825
819 599 494
557 766 802
993 843 515
855 628 296
734 847 505
977 888 589
23 10 904
193 246 667
966 436 375
940 642 658
457 717 593
156 323 538
296 728 383
939 202 924
171 271 1
514 421 833
93 855 73
622 186 399
750 819 333
231 725 819
848 405 828
39 41 266
705 713 818
249 720 709
885 627 838
47 629 342
887 590 558
922 111 77
292 621 955
762 345 218
483 988 895
904 702 109
810 917 482
277 521 774
79 863 205
41 163 222
551 617 539
408 74 651
658 105 32
396 449 28
281 487 230
149 654 964
973 371 682
850 860 453
690 335 468
861 750 282
831 528 885
655 377 417
721 402 53
410 467 584
976 100 876
573 378 977
132 23 276
834 776 208
185 90 914
931 272 987
706 143 711
495 249 532
603 644 631
276 128 545
665 643 173
981 836 291
630 178 853
520 22 612
302 499 904
935 560 207
403 521 22
483 767 203
266 466 80
464 385 304
792 350 504
993 541 224
745 381 120
973 234 86
747 92 526
67 211 983
914 518 618
444 946 101
221 906 245
636 705 184
935 869 582
173 319 77
184 289 312
985 154 463
378 964 49
42 194 919
739 869 964
835 629 361
582 462 345
556 873 807
636 311 386
525 38 563
693 862 25
358 685 4
409 414 830
906 85 180
172 642 146
136 373 278
83 640 962
106 180 466
241 601 398
105 775 867
867 41 286
208 780 774
454 611 727
606 307 582
614 758 44
708 251 278
684 666 731
729 470 474
788 918 181
323 872 565
183 583 197
618 411 189
438 685 734
119 517 547
540 462 314
713 163 879
771 226 236
973 932 948
484 954 517
208 42 600
881 190 234
415 285 338
313 300 240
27 296 203
296 712 546
835 369 527
775 546 956
915 955 433
385 560 700
326 751 235
743 461 409
661 198 368
777 719 673
159 360 51
683 305 69
263 803 938
920 476 994
918 117 115
708 801 222
145 643 625
346 195 872
224 741 29
656 288 315
870 814 601
215 817 22
994 399 156
48 868 864
918 856 665
314 342 351
180 766 450
970 382 519
267 701 691
227 651 192
265 128 177
977 512 364
728 579 682
680 657 379
919 685 776
448 453 665
764 390 681
375 350 929
172 40 387
483 736 883
769 907 312
397 555 699
77 174 613
943 460 754
787 721 882
563 54 989
77 176 783
988 302 228
146 299 779
149 314 933
191 775 615
990 291 827
645 369 821
793 996 365
67 338 172
437 834 717
873 324 733
574 848 582
286 814 36
482 431 836
569 605 472
304 750 899
110 896 183
981 40 765
423 981 869
167 615 499
652 885 958
416 842 773
301 122 228
125 551 726
235 986 611
347 82 660
401 426 740
992 262 905
153 783 767
541 199 44
924 614 628
298 911 511
546 112 501
562 265 811
60 877 977
552 225 145
84 955 955
439 550 33
596 852 942
712 750 298
266 669 290
144 673 325
697 23 231
139 256 508
522 447 61
559 824 923
674 155 362
594 706 607
472 92 764
441 707 811
97 466 651
745 256 240
278 708 685
218 572 98
12 169 365
74 3 328
450 100 182
154 251 955
314 894 148
385 291 579
516 208 138
600 574 201
972 718 739
64 978 837
112 423 677
734 247 559
958 67 508
156 740 239
795 462 136
782 103 549
831 839 312
445 47 26
581 25 48
821 685 712
249 383 31
694 266 828
916 8 632
764 121 996
891 507 906
799 451 926
622 611 117
874 812 252
676 699 415
687 51 807
184 707 412
659 943 91
483 515 887
52 192 757
260 273 243
692 295 815
485 378 604
328 820 698
703 458 580
900 769 713
557 853 25
438 484 405
601 464 520
633 967 984
581 869 506
310 74 692
879 378 625
136 422 199
172 971 483
961 726 793
276 578 272
450 524 374
508 439 8
25 65 200
384 567 727
620 391 154
17 550 250
166 200 656
783 123 234
809 865 296
601 185 874
20 874 504
694 529 902
800 252 685
115 556 931
55 906 950
517 254 611
241 167 178
660 602 867
671 324 522
264 832 12
967 609 733
729 94 123
317 247 430
770 519 728
304 141 265
526 734 478
733 941 329
406 990 656
453 120 653
225 433 855
31 181 74
134 494 215
696 123 518
907 107 556
454 488 91
378 725 509
43 448 74
743 182 426
33 888 183
867 424 889
367 768 709
177 81 432
410 861 81
365 620 587
360 217 546
845 337 342
512 371 438
837 844 92
735 7 191
435 165 456
456 116 671
402 149 788
366 905 571
945 868 814
887 76 471
375 944 459
305 29 308
800 550 285
906 799 762
692 295 274
443 351 88
461 981 200
459 12 97
432 353 234
513 261 8
806 278 761
220 421 911
26 326 782
466 270 825
103 656 771
582 928 227
263 911 559
294 909 25
533 123 358
698 160 379
29 291 914
699 832 192
187 661 197
30 766 608
386 706 713
43 548 682
85 339 583
654 670 113
48 865 38
329 277 725
740 675 493
458 92 880
212 728 670
280 482 457
191 866 312
495 701 519
944 740 210
152 406 471
670 533 88
582 866 710
867 278 843
486 901 472
473 106 139
806 899 983
770 574 570
421 471 379
959 465 611
380 370 279
613 972 239
376 207 219
215 675 488
6 718 362
993 575 521
839 189 311
54 248 991
36 12 94
429 360 524
805 718 365
615 248 308
292 445 385
762 149 859
922 173 526
807 752 609
284 854 683
15 935 660
237 442 979
638 292 31
735 690 965
481 475 318
954 66 405
583 448 570
947 720 617
175 55 468
154 492 548
501 348 680
60 195 834
567 334 123
926 789 376
805 188 766
434 939 847
256 927 22
577 609 258
203 541 245
269 419 370
120 8 246
19 746 955
408 786 839
250 168 631
775 42 524
849 219 628
964 738 168
441 243 446
851 836 568
326 997 80
2 118 232
940 739 285
252 66 821
580 514 133
63 437 532
793 203 240
366 432 58
955 1 891
69 890 247
38 77 997
512 574 659
154 828 281
126 425 508
32 366 81
571 485 95
624 536 600
827 837 836
111 325 743
8 329 851
978 690 641
114 707 353
136 216 937
836 297 309
214 710 431
337 801 345
331 519 483
810 619 709
254 975 122
160 417 714
730 84 695
945 218 379
674 663 857
33 721 795
188 215 44
248 884 727
786 280 716
760 127 595
132 646 177
368 425 685
125 392 458
394 932 333
666 755 997
881 950 299
77 478 259
946 775 674
365 847 11
780 864 153
445 801 70
985 766 638
520 110 869
693 855 694
844 121 904
264 394 341
829 930 507
668 903 223
843 641 857
76 51 882
24 183 32
584 682 863
302 848 159
877 85 436
593 72 832
875 313 522
886 722 420
582 452 511
555 324 559
44 799 459
602 310 172
26 545 39
97 291 875
429 181 185
374 869 605
784 351 301
916 771 812
161 341 561
440 363 756
126 524 501
652 146 345
683 583 994
607 995 922
7 360 499
820 220 695
298 432 238
465 952 173
98 869 295
515 480 129
728 738 678
971 125 818
400 738 49
147 417 125
472 844 74
1 896 82
336 193 59
856 305 357
386 440 431
554 100 913
114 42 890
199 412 739
658 293 137
689 446 300
583 146 67
252 340 182
63 27 933
195 12 867
164 264 629
404 236 333
589 833 350
854 959 583
125 362 285
185 31 493
409 792 870
734 387 723
506 529 65
958 318 410
331 561 80
979 899 809
134 486 844
815 697 790
57 301 24
410 939 776
315 383 569
360 283 550
432 78 495
268 664 283
255 855 827
800 6 777
315 815 528
580 321 692
967 555 981
132 305 204
141 660 943
385 814 538
532 618 61
263 10 906
706 745 702
937 478 791
342 385 283
710 381 416
429 625 627
858 425 463
347 419 231
103 677 903
960 396 189
543 791 449
662 531 238
828 139 546
857 222 153
507 122 852
93 504 834
770 388 589
2 517 288
670 532 234
487 686 151
869 964 713
438 281 921
327 162 261
145 22 776
625 943 281
269 677 120
859 237 329
875 293 932
375 798 488
242 49 193
400 282 321
114 143 854
595 713 491
500 853 76
745 817 389
401 903 488
663 637 246
151 771 205
606 560 363
227 815 382
338 882 148
682 45 319
628 768 281
188 162 910
49 9 792
820 286 883
880 331 915
351 838 807
230 225 966
796 638 77
867 909 930
649 326 326
385 437 919
890 298 133
102 374 39
904 570 18
315 918 970
310 11 451
408 304 729
376 622 562
854 226 666
742 894 417
992 673 883
246 618 780
409 237 544
642 226 586
261 728 532
640 449 315
398 762 88
222 597 341
15 492 872
358 634 569
356 799 255
961 238 618
294 961 57
376 67 485
966 347 205
989 372 132
103 231 586
787 472 245
313 68 396
378 978 476
717 466 697
239 559 357
24 295 583
180 580 520
81 234 347
197 246 952
552 908 4
389 206 543
783 100 825
20 610 526
267 968 220
81 745 466
861 813 38
11 129 601
795 269 320
773 162 843
828 905 392
800 364 90
321 674 750
573 763 309
211 206 194
484 564 433
831 417 739
976 411 237
905 877 68
149 712 707
834 454 31
404 155 489
364 137 101
226 637 422
124 197 327
866 47 708
628 645 343
712 690 167
233 11 746
82 265 905
591 500 840
997 846 332
901 395 630
665 475 868
523 438 973
495 312 365
860 244 193
928 889 927
98 447 581
143 654 892
479 476 275
766 951 427
756 83 305
764 277 109
194 960 279
174 493 351
322 4 558
225 691 666
158 95 400
117 155 63
381 14 264
528 676 231
626 771 934
695 870 518
951 41 994
886 315 306
794 564 711
820 192 205
804 421 37
496 690 638
928 639 667
358 715 675
246 421 821
114 577 387
78 319 269
832 228 901
763 993 938
341 625 916
923 925 345
21 151 561
760 98 357
82 479 454
861 723 671
184 893 330
990 496 300
558 139 127
178 868 14
120 330 338
886 191 328
774 423 664
428 881 251
823 941 64
999 338 484
854 783 662
156 876 650
33 989 860
872 406 156
807 8 598
454 365 415
539 802 27
964 958 934
895 569 665
595 663 256
754 811 450
468 249 87
665 952 79
890 13 818
200 169 343
319 234 288
662 578 375
923 973 636
381 599 910
438 873 181
590 272 724
971 930 978
668 686 704
998 232 744
24 437 26
75 19 697
209 302 226
592 624 226
367 94 509
18 57 14
325 139 757
345 902 160
955 235 561
641 379 132
155 140 701
791 594 288
259 645 548
292 747 714
729 11 200
277 185 886
337 300 3
652 734 217
810 110 133
435 721 469
446 36 541
434 216 368
22 777 154
910 309 418
796 312 311
790 983 777
904 525 261
629 568 350
533 743 624
593 512 880
736 308 85
69 142 887
807 600 330
821 664 765
824 790 218
370 813 886
896 632 51
418 230 172
144 98 309
236 740 328
301 339 234
636 847 983
202 578 737
681 819 11
578 713 17
548 630 797
976 358 552
660 763 524
392 801 93
445 845 219
890 101 542
61 514 261
723 736 532
179 994 444
957 6 510
863 705 740
109 832 927
345 634 554
27 143 11
893 866 399
801 680 633
57 415 212
250 835 496
139 929 494
646 476 46
489 212 800
87 974 887
398 868 158
949 701 441
963 324 437
63 884 262
932 353 214
399 34 348
26 746 184
880 472 389
688 837 395
300 301 273
317 816 641
92 902 78
892 419 483
657 420 92
791 878 912
545 380 392
826 876 133
835 910 865
424 408 395
215 16 409
71 860 401
920 118 476
677 797 331
296 193 772
51 599 504
634 69 796
414 497 303
849 30 163
507 699 225
542 468 203
305 235 899
971 164 652
853 509 384
513 608 870
595 649 583
228 292 961
652 870 389
800 396 727
792 689 7
332 579 131
730 412 168
14 830 467
438 848 63
794 904 957
231 531 432
918 97 734
535 103 552
559 842 524
977 338 907
267 686 115
411 797 962
733 234 156
324 931 579
63 377 366
582 649 120
342 251 792
22 441 710
246 646 835
200 262 624
197 64 735
955 199 48
859 150 543
315 148 110
718 578 369
316 724 569
266 560 170
974 447 361
63 965 392
854 827 965
429 873 522
890 580 365
13 165 39
471 919 132
406 972 455
214 573 266
770 556 914
959 86 517
647 105 4
537 559 294
836 562 490
416 378 563
877 238 710
695 937 176
555 890 317
569 710 306
500 159 2
954 133 689
982 468 661
824 34 244
771 562 775
69 49 219
17 179 872
520 644 729
736 501 688
357 395 490
979 646 968
976 101 902
673 825 963
489 950 364
414 932 366
944 433 309
103 805 526
357 469 57
68 484 414
921 217 547
577 835 373
862 403 817
516 306 988
933 658 87
326 518 687
86 873 393
908 908 993
833 227 164
575 443 533
491 170 328
497 237 929
687 349 869
875 172 312
821 547 196
819 987 348
121 276 83
634 587 542
796 192 728
968 416 450
732 932 209
133 336 615
296 527 232
50 44 908
219 271 555
677 623 267
343 552 626
373 339 95
829 261 14
201 791 890
922 480 594
282 653 414
921 149 28
98 123 520
405 741 981
549 937 497
794 443 113
472 884 898
802 71 746
672 236 95
351 864 19
269 507 819
372 328 119
650 133 522
607 979 766
484 503 525
365 514 798
257 731 964
547 351 652
155 945 214
581 737 290
925 292 607
129 980 571
230 149 908
896 787 881
220 390 95
885 434 891
429 673 502
663 739 958
235 535 261
586 341 230
166 531 452
741 614 583
279 723 140
805 748 793
89 302 879
248 630 217
233 232 10
256 865 810
23 71 773
938 547 871
707 822 206
814 749 402
262 650 605
371 988 265
611 858 164
984 249 868
418 746 850
929 817 934
401 932 601
665 363 680
503 371 325
845 968 946
382 795 325
193 638 842
226 119 115
172 456 92
847 492 376
168 290 39
298 678 618
164 276 585
547 701 524
346 41 603
330 602 841
717 216 801
769 338 78
352 501 304
433 928 666
367 5 974
126 525 414
639 941 38
515 555 882
662 545 862
868 80 165
890 91 263
307 225 931
540 799 429
180 893 959
514 742 12
253 562 239
858 452 790
329 970 225
918 211 461
271 56 306
428 113 701
317 884 975
794 858 18
633 960 980
962 578 95
968 49 342
481 546 490
510 28 943
717 352 812
76 269 854
786 115 889
793 96 265
674 114 485
851 790 58
153 361 679
725 12 386
34 311 443
498 356 714
443 804 216
310 541 425
948 510 344
367 723 903
464 170 602
954 176 197
114 897 758
438 194 614
929 242 960
838 341 227
689 805 573
675 105 920
929 830 821
422 177 524
836 684 105
450 831 2
945 480 141
851 42 913
830 892 359
647 696 926
839 111 965
45 531 207
863 148 934
868 790 188
379 835 939
558 431 130
923 541 393
372 498 621
37 774 109
767 951 118
467 986 748
132 486 137
744 552 537
177 148 419
324 392 651
572 161 389
966 603 63
335 578 624
892 919 749
201 149 868
109 679 724
336 420 849
101 140 129
521 682 538
26 276 296
684 964 322
259 342 872
614 27 206
239 51 388
749 566 581
558 787 531
835 286 740
96 111 973
470 552 35
109 817 721
385 688 475
677 914 799
111 619 454
397 73 894
721 865 638
220 194 465
252 971 359
765 937 345
499 384 168
323 913 655
211 127 617
28 399 46
868 911 376
556 387 906
869 688 744
42 515 123
213 135 825
693 722 510
991 916 783
476 904 49
295 488 343
255 295 820
376 828 360
885 889 112
262 577 68
204 737 358
154 860 667
360 735 292
206 896 598
463 125 260
55 927 291
275 80 829
451 122 696
494 948 554
268 646 488
709 706 811
323 452 318
948 379 444
855 387 371
959 787 687
151 455 316
966 298 987
234 649 162
229 406 725
834 115 676
656 990 324
445 312 86
248 126 505
169 127 124
824 523 434
490 43 233
518 318 440
529 199 111
311 317 686
246 372 619
408 264 925
34 781 333
990 246 244
434 342 461
340 287 422
168 47 953
560 971 298
742 872 951
663 582 450
759 249 452
742 679 333
868 131 724
167 816 540
628 686 353
668 822 782
919 288 241
566 170 989
8 335 251
643 185 930
207 830 170
992 325 45
173 534 984
579 72 968
14 899 944
192 392 198
767 827 327
481 14 523
39 882 945
668 51 460
456 497 269
364 660 892
386 492 828
147 220 820
552 24 902
545 12 977
975 51 159
902 933 400
762 177 718
100 263 27
788 620 172
80 541 696
759 561 172
312 60 957
861 508 194
265 779 43
483 259 199
664 881 79
382 899 269
461 920 480
937 340 101
999 859 112
880 812 680
600 312 250
438 407 772
327 54 691
179 433 604
439 107 683
155 357 153
85 44 506
953 887 577
245 908 277
432 936 34
167 230 983
592 311 804
214 787 741
756 912 143
478 609 277
757 132 679
8 843 722
734 759 407
323 130 485
782 784 736
714 877 698
506 940 351
249 1 997
831 642 289
327 29 698
138 313 25
422 253 843
730 827 153
613 261 827
503 887 521
399 144 78
580 963 703
62 666 456
606 105 556
551 578 799
161 36 266
509 576 413
810 686 568
921 690 179
62 96 362
341 476 702
167 501 880
257 369 72
369 949 219
578 550 852
827 376 114
491 512 916
305 64 593
408 948 653
422 629 203
224 720 411
953 936 745
286 702 871
921 190 886
966 773 713
335 731 289
368 887 430
26 195 400
92 858 222
301 213 510
526 356 865
656 35 850
576 62 414
420 248 877
737 423 138
81 278 523
517 360 178
530 890 283
492 755 845
960 705 67
270 580 874
168 70 815
948 529 804
93 252 476
590 301 358
703 480 548
971 182 465
232 596 562
47 441 59
640 488 279
432 50 957
225 585 861
910 406 589
258 954 791
328 955 27
704 770 110
671 252 201
832 222 293
483 119 921
99 686 18
443 160 587
564 357 505
404 234 188
247 713 732
25 697 538
135 91 864
146 770 778
161 884 138
522 764 986
31 726 165
552 475 622
175 9 798
100 6 767
278 384 463
989 428 264
326 290 895
217 383 954
239 560 255
263 679 67
311 597 370
16 300 883
727 163 576
781 434 884
926 297 860
600 668 704
962 468 129
