3000
967 1243 423
2955 1623 1962
635 370 273
82 1645 2251
1186 242 910
2132 2199 1476
1134 708 435
1073 879 106
2625 1067 1114
793 676 1270
1187 2569 2998
1526 356 2482
1383 2752 1589
2073 1020 729
1014 1940 1147
366 2244 1230
30 1196 2345
2888 1277 2083
800 1696 1736
2454 1181 1766
1849 661 956
1250 1064 178
333 190 1896
2566 1149 2126
2190 2655 1931
2871 1405 595
2760 802 273
1691 831 2602
2592 1807 1132
753 1458 1786
2412 1314 2599
2288 814 1326
414 253 2901
938 1137 2385
2521 973 501
1357 728 1192
1881 106 176
1463 2857 339
1171 2766 1340
75 1323 1184
1318 627 2671
1682 2542 2786
319 1202 2531
785 1820 1197
559 1025 1564
2453 651 1358
2348 39 1489
184 1863 695
1496 1486 1190
2341 398 1800
849 1737 852
466 244 255
227 691 2440
2773 613 2485
168 2238 2010
2387 1021 1317
146 501 2168
1200 1677 2670
821 1957 827
991 1798 1682
2015 152 898
1726 1817 1019
2652 1753 884
2043 769 130
151 1042 1038
993 2154 853
949 1709 1072
581 1332 211
1289 2316 479
2334 1651 2675
2679 2939 166
2025 1588 381
1762 864 2345
678 1379 1214
2691 1931 2632
1291 1721 2163
882 2682 2810
1099 1387 1607
2034 305 1148
2572 2738 784
183 1618 2538
523 1104 2733
248 686 2818
2602 1903 2332
1935 1654 1600
896 14 866
643 54 2499
1055 475 1622
1561 911 2256
219 827 664
2751 2492 1355
2304 1932 2157
1801 109 324
141 2849 2436
463 2003 2298
1053 2491 569
170 1486 327
2143 44 1217
1421 307 349
2226 1859 1562
842 1275 1592
958 1994 1639
390 317 469
2544 1499 2100
1778 1704 2914
1820 275 2575
803 2609 1239
1961 1731 485
2287 686 1523
667 723 2895
612 1338 2025
1387 1060 2220
20 2911 692
23 2655 1278
496 2233 454
1993 2932 2462
1984 2156 311
2133 1006 1685
1202 1462 939
739 2567 7
2772 217 2497
1284 2229 1913
2328 1252 2076
1806 2511 2530
1811 1605 577
1031 2446 1484
2712 1393 546
1776 339 2481
590 2767 2549
728 1169 1524
809 2360 1436
2765 2543 383
316 1649 2645
736 1351 2680
1524 1339 716
1232 95 2474
83 2147 364
1471 404 650
748 2393 2029
2708 2351 315
479 705 2669
1963 2767 911
2531 2705 1241
2818 1664 2454
973 2007 2882
906 1269 1506
944 1338 2201
2568 2170 1851
1640 2074 1642
1283 1163 1796
1686 2409 54
1030 754 2213
1879 2840 2299
2519 1493 1656
1592 2553 115
640 2095 278
1877 2583 1423
2474 1279 375
1057 1981 910
2622 1954 2473
272 610 977
283 1226 544
193 669 1630
2384 2789 2543
2242 2921 2206
1075 76 2148
1006 646 397
842 131 1297
336 499 1109
251 2636 1184
2498 2587 2876
706 2996 612
2684 1700 533
2905 2947 334
2294 1493 2842
11 2965 2263
639 2059 1688
632 881 1222
1984 2080 278
1540 689 670
1049 2109 1603
2201 2795 1241
1641 1346 698
1585 254 1733
115 1142 2770
78 1246 625
352 642 475
2496 63 951
948 2268 36
1953 2944 2181
759 1853 2998
2894 2800 2857
1555 1378 707
2173 2406 770
439 1946 2537
1462 1250 2650
1694 2459 153
2589 869 1048
2372 2712 2421
1260 1956 2561
1390 342 967
1295 425 2697
2862 157 2477
1321 2159 1951
1447 334 726
2923 177 2041
2127 2235 2449
2913 1024 160
823 2769 293
1378 2465 565
2854 1264 479
2079 2087 4
293 927 2554
1124 2549 75
141 44 1959
2858 594 874
1474 1021 1413
1222 1592 2590
2478 1650 140
709 1689 2023
262 2092 2085
1224 2294 2830
1159 851 2886
2882 1792 1319
717 880 74
1961 1791 1131
1358 1668 2571
1678 1316 2540
861 1049 1146
2094 355 124
1651 1080 2495
1177 2768 2628
543 2511 1282
356 680 2541
378 2872 867
1039 2740 886
2631 2045 468
2644 1395 33
1867 2336 835
682 384 1001
2127 391 467
1295 1215 2324
2384 2706 618
311 2711 735
2943 112 742
2772 845 1077
143 2432 1329
2587 1345 2486
1493 666 704
881 203 219
658 2803 236
2758 1073 2885
2737 2746 2023
427 818 565
1607 1962 2464
2238 2032 2215
1326 1484 1762
1663 149 156
743 627 1468
899 1216 976
1490 2351 797
2559 2775 1410
1572 1490 2194
2901 459 920
781 1427 758
2190 871 87
111 483 783
1216 2827 2996
1318 2217 2038
170 1255 2946
1610 671 572
1539 2529 1900
1437 1458 24
1829 2859 559
1833 122 2934
1714 867 471
1354 1211 2448
2287 223 322
1973 661 2767
2159 251 742
2520 988 2458
1363 2455 81
2969 2708 94
1568 1790 948
2398 567 2547
175 549 750
2479 1170 957
1783 1288 2216
2599 1524 697
2990 1416 2768
2230 2701 2345
1413 1057 2445
1373 2203 132
2229 624 1499
2338 807 2025
1930 490 303
2571 2440 804
652 587 2258
2913 573 2445
211 2207 1419
330 2905 193
2477 612 2228
721 1078 2560
235 1210 1948
1151 857 2633
1936 1158 2170
2831 256 576
1180 1708 185
11 1420 2169
2472 1476 296
821 1776 2774
328 1739 133
1162 815 2776
803 705 828
2930 331 382
44 15 1194
2130 2121 2151
1737 266 379
2144 2624 1387
2736 691 2582
820 2092 2836
2250 254 2826
255 265 571
1787 555 427
2119 1329 2104
1391 2724 1135
545 2406 2398
485 2376 2627
2553 289 2465
22 644 177
1116 2234 2637
1741 1247 2429
1472 626 2150
1485 2198 1872
1015 2560 1854
699 1977 2669
2377 2230 107
2379 2286 2336
795 1072 2405
2801 2350 2973
2451 2856 1851
1363 664 1246
658 1296 1230
1295 2891 857
2185 1983 2529
1197 1103 1510
2719 680 1292
399 955 1346
2611 796 723
1808 393 1271
135 2135 24
191 11 2684
2801 2277 732
913 1006 1528
2641 1612 1583
991 2591 1809
2999 1771 1191
2080 365 1408
179 394 757
227 1665 20
1608 672 1779
2801 182 2285
912 1532 1406
2083 1432 2795
544 3 1419
1490 396 1551
2347 879 2007
1442 2350 1773
2265 2994 374
1608 646 355
1839 1588 2151
864 112 378
1172 412 517
521 1871 1794
1432 1668 1302
1644 2743 1266
1622 2984 422
1396 1539 2086
315 2912 1998
1783 2939 1508
932 2359 2547
670 1753 1166
507 1374 2190
146 2131 2579
2756 2802 976
2516 756 1961
948 2122 1453
1729 1801 1712
2178 2729 508
2026 49 2864
1766 1465 1924
1149 808 578
1365 1475 626
1086 2217 2937
2311 2707 1984
2457 557 2008
1578 1955 1425
2547 2083 131
2740 1782 1042
2425 2546 2844
766 2651 2196
722 73 1883
2812 2344 1249
543 185 9
953 1393 635
1292 1344 1841
2353 945 1122
232 2737 260
147 1807 456
2956 2615 995
921 1938 2194
259 2230 2516
669 713 804
23 793 2103
781 901 58
2053 1977 1340
1430 1087 2351
1663 2365 540
2900 1386 2704
2601 2865 486
2526 1030 1082
394 236 1384
2911 232 1576
283 848 2917
1017 208 2005
1587 1503 288
2619 2938 348
602 2972 1827
2883 1754 2101
1537 2859 441
700 592 142
696 2583 1867
2183 2158 1934
1808 1501 2317
1773 1012 2622
1025 1107 2338
31 1095 1632
2825 2309 1361
2871 1173 2887
489 646 2103
771 664 2835
1600 2711 2228
530 2666 754
2512 775 2304
295 2215 293
1255 128 331
2071 1888 2763
385 2651 2170
30 1142 1084
806 769 478
1047 2385 1634
1106 2163 1115
26 418 1635
1485 2453 667
2013 2463 2962
1408 2903 780
2010 1003 676
689 1368 131
864 774 2986
2206 1906 2170
1322 524 2497
704 1496 2369
2105 1761 1841
1493 1344 2828
320 1882 1985
1117 1066 630
459 2907 2693
1047 1797 2435
2063 2680 2003
2855 1874 352
1101 1536 2235
408 2465 1239
2503 38 649
1569 2082 721
2769 1573 1974
734 136 1310
901 2568 993
1634 2182 688
784 1921 2929
2745 1878 1234
1588 1115 1368
1787 849 2850
2649 150 2757
2345 226 2261
784 140 2175
2021 1368 1053
234 520 1534
212 2890 2992
1647 1717 1527
1020 1428 1796
1503 1631 2362
111 1591 528
566 1932 1668
1029 693 2943
1822 2170 1484
1506 2309 421
740 607 1248
2554 2105 2712
627 258 2020
2751 2900 2295
159 2801 2917
1147 2560 824
12 1767 1667
1107 2046 684
118 448 559
1670 1121 2277
1851 297 2599
1331 1062 2217
2935 1798 701
91 1398 1038
1048 1069 1586
1402 245 2339
2501 727 1751
1086 2308 416
972 2352 424
408 2030 2462
1135 1677 2986
508 1596 1792
1917 2137 2582
1835 2362 672
2759 1952 2109
713 1170 1434
1141 2778 2591
289 1806 2813
2123 2454 2660
2988 2146 2861
785 1212 2727
2897 2836 2184
1582 1070 2180
1919 2146 1371
252 1336 2544
1891 1531 2245
1423 581 903
955 2498 1507
2451 312 1058
1727 1838 1183
2670 1706 2068
697 2407 2919
1644 909 1600
1160 1282 569
1048 1802 878
827 1962 415
2645 2028 2426
648 257 1049
2482 71 609
1304 1630 1347
1502 574 322
2437 2089 251
1918 1518 664
2950 1420 1489
353 1467 2083
2282 448 2280
1910 2745 1804
2050 2496 2845
1986 761 514
2688 1307 1676
542 2236 1228
1902 2591 2910
2661 2342 682
711 927 2949
1798 779 2595
1670 532 2240
124 1269 652
2226 985 2456
1375 635 2066
2716 932 1291
2839 1755 412
164 1411 2091
1226 697 1797
400 2985 1182
2995 837 2566
701 2497 287
2176 2816 1289
378 124 560
565 2526 293
725 2359 1080
699 197 2798
1390 1294 2627
1120 1919 1939
611 456 2050
1291 1190 2439
1037 2693 2682
1268 237 2143
19 2189 1819
2729 1058 5
2148 1479 272
2889 1067 2652
2433 247 2208
2279 1810 2745
275 1981 1702
1913 2072 1944
2275 2009 1323
2320 177 2124
871 2762 2702
2375 685 1620
2370 1170 2482
1452 2008 2921
130 1113 607
1714 886 2202
1721 1511 431
874 2998 1722
1075 2892 998
2369 2400 1830
483 738 477
2752 2954 2921
2708 2759 2962
316 2987 1968
593 1654 2336
407 941 943
2316 2298 673
694 683 273
1093 514 2890
1081 874 1223
330 2306 2916
355 1741 1610
1861 1174 2135
1615 872 289
1584 1820 1866
2574 2104 1978
2877 1127 1217
1457 789 1118
776 1992 908
2996 2267 789
2000 1320 1774
585 1509 2019
897 1066 961
1949 97 2253
621 2447 2600
974 2173 2159
229 2550 2576
1425 1919 2712
1626 2138 2397
110 2926 2559
1269 941 623
257 769 1746
812 672 689
473 1936 1193
514 130 597
2089 859 1409
2940 2667 2352
1565 1120 85
1359 1553 894
1626 1230 554
1745 644 1239
493 443 971
393 1068 1618
1606 2962 1116
798 761 1295
2985 274 1052
2333 2618 2085
2457 2985 126
1153 1872 2601
1864 1473 2102
916 2959 1603
2773 1192 2815
1777 1990 1381
279 1788 1633
2441 2585 2621
2727 106 526
76 2020 2186
1443 1342 530
2490 2484 1727
901 1186 1482
1969 2238 857
951 1577 313
586 1429 820
2275 1001 2965
1094 386 553
1104 2486 1726
1959 768 417
2663 43 430
480 2074 386
1735 339 2708
2994 532 856
1223 1779 409
2827 530 1519
2722 641 2842
2914 2306 1888
116 2305 2043
2376 1184 1679
902 2008 732
2449 2818 1593
2588 1922 2145
54 915 1036
1112 2478 2001
2314 707 467
230 269 2921
1402 976 2094
2365 2165 655
1749 2185 2723
581 1945 1817
2623 2767 1669
2171 1215 415
1324 532 2007
2727 2786 1824
546 2856 753
892 393 1614
917 1559 1049
1127 408 235
1513 1796 2615
11 236 1378
1951 2027 2701
2330 1754 713
2314 693 1719
639 2801 1425
2065 2061 2779
1138 1190 2449
2768 2521 2017
2088 1710 1604
2568 2729 1711
665 2731 704
413 835 1836
639 1434 2384
2755 2818 1500
202 2099 1880
36 2163 2894
1484 2153 1747
816 2768 2527
1552 2166 1244
2515 580 15
1578 2154 565
543 387 2405
2920 1356 1195
212 2025 2628
252 2093 1204
1965 2158 1224
1781 2279 1817
818 490 2926
102 718 976
1310 2394 868
525 1971 2136
259 1247 1050
1193 871 2434
223 2592 2385
2302 885 2310
2299 900 2056
138 2846 163
999 1314 931
2341 153 2814
727 2459 1408
524 2389 670
1554 1365 2787
1156 218 1998
1867 1070 2872
763 2032 1101
1505 2613 92
861 978 2088
726 1408 316
2526 957 102
333 174 2641
2966 618 2955
1870 1192 1442
2888 746 2603
2239 2423 576
2008 152 1772
793 2705 2665
2578 1324 1044
1310 227 2764
513 2928 1644
480 43 2177
677 1304 856
774 268 792
2364 184 1964
2513 62 1293
1653 1150 1696
2040 2618 109
1776 1537 2977
2074 225 1187
785 524 525
2643 1547 2038
309 2115 1787
2482 1890 2819
1846 579 1774
2157 994 831
1125 323 1502
2768 270 1898
763 2129 2116
516 415 1492
1524 1296 2130
730 2708 1211
2588 2692 1081
1055 1032 2389
1210 84 2333
2757 346 2775
2074 865 2361
947 1770 1014
2731 586 2380
1076 2855 586
1723 731 268
1162 533 718
2422 611 486
1603 232 2413
847 348 2808
866 51 1539
1344 633 1058
2171 1505 2306
486 1065 199
624 2883 1295
291 2306 2529
1944 200 2874
2370 2704 2198
1066 2886 383
2963 2478 1966
1066 1741 724
744 987 2341
1480 1921 1571
1982 483 2395
899 1723 2515
1635 1639 150
750 1743 1948
2240 1980 1414
744 2202 625
709 1962 640
1086 20 309
562 2933 2758
540 2062 2969
1278 2000 1271
569 2173 1920
1323 2324 644
1498 2509 2361
158 1802 2068
756 2305 878
2721 1334 1284
669 2907 2957
531 2324 2174
949 2475 1298
86 2305 275
2461 2931 1503
2640 1319 2215
2414 2438 47
2208 1021 1341
1371 2551 1704
2075 1606 322
2267 650 744
238 741 2597
2442 1371 1673
32 2112 1025
1457 2283 586
1254 630 2576
1668 401 553
2682 914 267
2485 311 60
1355 2252 4
1106 431 718
2729 956 1168
182 804 308
221 216 628
1936 1384 2771
870 2273 1789
1708 2809 2284
2216 1315 183
735 2170 1265
1053 256 2294
1208 1215 1386
409 1853 1892
1331 2373 956
213 1816 54
890 1067 1947
823 2696 1444
2777 1480 968
1787 1333 1389
1121 691 441
2546 2174 943
1548 2578 1853
409 886 1210
2556 1460 2023
1976 2877 1824
2357 1673 2466
2320 1308 2007
2782 1253 1486
75 1825 303
1291 207 512
1608 1408 910
2305 2078 1648
1848 1879 2989
1243 2147 775
253 2276 891
1154 1469 2800
1108 251 300
264 468 12
1409 2190 2285
510 825 1129
1613 2469 2851
900 901 2982
2377 782 1254
2947 991 747
2425 189 2043
606 2192 2847
568 1519 1067
2410 1103 2576
257 668 940
2497 1312 1807
2388 1114 1574
2093 1651 307
1821 532 2089
1270 367 2309
1606 1320 2067
2979 2527 217
683 2026 2675
1713 1700 2056
1940 2023 1542
372 154 2151
1803 2842 776
1251 2527 2955
1325 2916 522
2282 2386 82
2877 2335 1087
1238 1462 2381
185 58 567
2963 2442 218
1136 1441 2333
2704 549 364
1358 732 2249
241 419 204
2882 2478 1749
2536 2676 2810
278 2449 2024
1632 1788 177
106 2703 396
274 2620 805
2387 2486 1851
1300 208 1689
2752 358 659
2596 2652 2001
1517 153 2575
608 2898 444
2938 63 2265
2634 2968 2104
167 330 2534
2986 1336 2052
1400 1205 239
643 910 1924
1581 1928 40
2182 1119 2633
152 1560 110
758 2965 343
81 892 2621
2344 111 2991
2071 567 36
790 1244 548
1342 711 2878
411 1736 162
2422 1060 2464
2201 1191 324
679 2088 1891
706 2445 2748
2557 1403 1230
2475 328 604
1153 2885 425
464 2591 2223
346 1408 371
2629 2572 500
2669 1557 2638
2829 316 2113
2583 2864 2886
1574 2871 313
114 1110 903
1613 2395 470
1522 1625 1839
1155 499 2083
1437 1683 2309
1589 912 2834
755 1741 2295
956 2266 2107
968 568 764
869 2892 110
2346 168 321
2946 434 226
1257 2258 839
1800 1204 1005
970 2419 1079
1705 1536 2897
1883 1532 2861
1981 1496 2881
504 8 156
1081 2990 2363
1789 468 2179
167 1918 2530
2298 2746 2668
1839 1474 1320
2546 1564 1113
1249 625 263
1060 1974 786
1765 237 493
2963 2728 2855
155 2748 2592
447 106 2926
1001 2420 2039
2258 2771 2689
1438 1466 2156
2679 728 208
2929 2659 768
1324 484 2660
922 171 2618
1778 2074 2200
2474 1762 871
483 1521 13
1769 2873 439
320 1766 2832
1123 34 125
1391 1107 379
514 2586 869
456 1916 378
603 2699 2249
1635 407 922
1606 647 579
2780 1432 2593
879 2920 639
2994 137 1108
2043 388 247
365 1311 2827
2557 183 2288
1030 2992 677
2880 1338 113
1807 672 1055
2139 331 2271
1588 1484 644
1368 13 114
2623 159 573
2336 2 2877
1261 2554 2554
1506 1866 1390
1533 1795 2998
1377 2617 591
1728 1755 2817
567 1894 1122
1489 1941 2536
2856 1260 2130
1322 310 2548
2144 744 564
2394 2062 1343
1333 207 956
1263 1684 188
207 390 589
2117 1654 223
1291 923 1425
2623 406 1960
2184 917 2845
2585 916 1771
405 898 1374
2388 1071 2521
917 408 2996
2248 1961 2854
832 2221 453
905 2787 802
380 888 1648
2781 2912 572
2723 1650 1759
2868 2813 844
1854 1266 2113
1698 2132 95
1534 1959 263
450 1912 1791
1557 545 2328
2320 1419 1793
2523 11 2870
1242 519 528
1629 1315 1025
190 1900 1220
250 111 371
1558 149 1444
1318 2228 769
1285 589 943
1784 2158 1725
2356 2117 1012
2653 1628 92
2071 449 2158
2791 2085 791
2437 2 477
443 771 2431
69 1577 610
1906 1616 1918
1042 1395 1192
364 2244 1845
1859 1719 363
2937 1931 2393
2696 1946 2932
1725 434 1991
1321 1902 1933
2708 1281 2238
754 72 2737
552 615 635
1073 1972 2987
1456 2451 2316
919 2724 2614
29 1393 21
1549 1677 279
2970 159 1386
2289 826 2181
1822 2730 2994
358 607 698
1273 773 1446
1145 2459 1301
2443 264 881
1826 1838 2618
934 1161 1021
8 976 1692
641 2022 1059
1619 2709 1079
2517 265 1563
1630 1392 2408
803 1025 2568
1748 1843 500
2330 2988 1064
26 2550 1282
2646 2681 968
274 1321 1063
1264 1294 1455
2159 1835 1084
2718 2577 2841
1882 937 1677
2868 1543 2498
708 1607 1865
2722 1223 2652
2272 919 2436
847 108 1360
373 2349 2137
1221 2117 835
1983 102 2298
545 2925 546
512 2321 1949
2095 2304 2890
440 2700 214
429 733 1660
2259 1562 142
168 1178 2959
600 2914 1530
1220 1078 2315
1231 736 2152
1750 2530 436
1712 1094 2017
1341 2746 2800
1388 2065 1578
4 2176 819
2560 1237 1739
771 1770 987
2900 1034 2188
873 494 799
748 1458 1848
2118 32 1893
1584 660 2464
1144 1723 2405
2169 2766 2656
2855 396 1101
2097 2227 812
638 580 524
1759 224 754
869 1149 1969
2475 1032 304
2816 1300 2183
1175 1706 129
1761 1227 376
6 1218 1505
2006 2938 2121
2181 1781 978
2382 193 2525
2208 1103 724
1568 304 884
2888 2597 1115
2827 2708 1548
1933 2047 2768
1507 1178 314
942 2436 2690
2315 2567 1590
1768 1862 985
302 1089 1980
2037 2883 2411
1004 1890 2303
1999 2744 1911
73 490 630
1713 1610 1152
2929 2705 2054
387 216 2179
1587 1412 526
2163 2869 2301
865 403 11
2648 578 1062
2276 2549 638
1932 2828 532
2344 714 1931
2634 2853 135
16 286 389
1650 2044 1673
2012 2486 1071
1385 172 1185
2802 1167 554
1343 2531 2052
1802 835 1535
2022 2830 805
1739 2446 2149
2708 239 2198
2336 20 1814
2813 1148 2038
1126 1101 2721
2265 576 2027
2479 1405 853
457 54 1050
1678 2266 834
145 827 1133
956 2722 680
876 2707 1218
2849 2004 2421
1673 2430 2986
407 2308 2228
513 902 187
2687 1981 1168
981 1202 2120
2487 308 2409
2782 968 1873
2351 1410 2671
2471 2287 55
2811 21 2225
1186 1708 2466
1121 1640 1048
1332 2948 344
2079 2461 477
1667 337 260
595 2350 990
2246 2106 816
1654 1990 2964
431 347 734
1893 2951 25
1165 1373 2496
2606 731 167
2965 2260 551
339 1342 666
1317 1079 96
481 1223 2357
2351 1889 1052
1721 2195 1930
2650 71 811
212 1511 2265
719 2345 1686
88 732 2181
1041 2033 2650
483 2517 2623
1527 2048 2056
2003 2622 1431
1340 1050 303
2136 2108 2452
2233 971 958
1031 1013 2851
1146 2339 1298
274 647 2673
996 1543 660
260 2264 1384
2930 2265 225
2067 2565 718
2407 1084 226
615 207 2126
700 1033 960
1026 2698 2294
1002 367 2514
2823 1263 1401
2277 701 521
1030 2953 831
2437 799 686
1943 2817 75
1760 764 2326
602 1090 2029
1188 404 2015
2603 1076 1686
1500 670 1249
2336 1996 22
364 937 1006
944 967 1373
796 2309 1068
1862 1269 1339
439 2619 2346
826 1458 379
314 1069 2164
1530 656 1809
2727 2693 1636
1590 1909 2351
2183 2458 391
1698 2066 104
769 1626 990
2490 1149 1308
1538 1618 249
2095 2229 2387
291 313 1393
165 509 1499
1938 174 1238
597 1273 2853
2064 1309 1498
110 1161 1194
1897 746 1317
708 2960 215
1018 1798 2224
2162 718 492
945 1280 909
722 11 2443
89 2942 2200
1365 1148 2637
554 2421 2883
209 2227 1235
2566 2754 174
1871 2863 1675
2125 2387 476
2883 1565 2379
1101 1994 1249
906 2994 727
2452 1046 1899
675 108 30
325 2128 1823
442 995 230
878 1542 620
847 932 1601
540 2863 392
355 374 1858
328 1837 2348
2478 200 2617
2157 1570 78
2400 448 218
458 2686 2197
2543 2251 720
1333 903 2146
1888 1638 334
2805 618 2313
1741 2424 1847
1217 363 2165
2478 2643 1012
880 658 458
1215 604 2375
1731 788 1836
1289 2266 84
2584 2303 2546
990 33 2192
461 647 2112
732 1460 1924
658 2896 463
2908 596 834
187 337 2978
1345 2411 1438
377 844 2657
250 1594 685
1464 1512 2716
2060 1608 1271
116 218 1874
2873 2164 1144
2680 1323 1654
2333 437 1732
28 587 579
1217 1297 2057
2315 2762 2942
1030 1060 334
295 1683 1906
2782 1222 2169
2500 492 1854
1972 1040 2941
2882 2470 1766
2031 631 971
2218 1219 270
2505 2995 234
1560 2521 786
543 64 1085
680 447 832
1966 1737 3
274 209 2958
1974 223 2706
564 1757 353
120 2808 2030
2069 2066 258
2027 971 395
711 2421 1059
58 2071 1298
2152 1302 779
551 1580 301
2509 985 2216
973 508 2952
1993 981 1942
464 2114 450
1444 1506 1847
1727 671 968
2552 2485 2321
2158 807 829
307 949 1203
1656 365 2110
1923 271 517
2838 513 2988
1735 2432 548
1880 139 2857
815 850 1688
524 417 2548
1444 1277 2785
2299 2895 2538
997 2269 22
2794 2914 104
1182 1310 611
2744 1543 479
476 2294 271
1168 354 1661
1507 2655 1592
2057 1923 861
1334 705 2604
1001 1928 1255
145 2825 2481
2183 625 930
1143 2288 1056
2666 1886 2879
1257 1890 2164
1012 1742 1331
147 957 2363
1302 2998 2396
428 25 1259
119 932 754
106 308 2698
964 83 1723
2826 2255 1405
2149 565 775
261 2471 1936
2864 288 2069
296 1010 2772
371 2086 1409
2003 468 941
2935 84 1662
2070 119 224
660 1911 881
2733 1934 2466
1284 788 2563
1981 778 2303
1852 510 2428
1917 456 2266
251 373 420
2186 1807 2841
2330 1804 906
987 1794 1250
608 1415 741
111 192 12
1645 1607 426
924 1910 2226
204 1333 354
122 834 973
1825 264 2398
2512 299 1849
211 1545 1459
1861 2182 2114
1716 1790 802
593 1804 293
2007 762 1910
2752 2055 429
1718 2948 1183
1170 2222 1275
1983 2254 1919
120 164 2632
1715 2742 2541
501 2005 581
2889 2281 2781
2631 1711 1396
704 493 748
2802 2432 1725
1361 1004 1220
1351 101 2848
1575 223 1421
627 1718 119
2162 2623 1494
2381 1932 2426
2083 2123 1305
2020 2419 380
2249 1698 2389
1010 1146 173
2480 1084 2710
2585 1070 1737
2503 570 2451
1070 2318 9
2972 1345 1173
132 2726 2550
222 290 1059
525 1270 841
1612 1449 1894
613 665 481
236 720 183
1166 702 586
1929 1827 2685
1850 860 393
2207 2515 1314
2600 2724 1303
746 924 501
1910 2958 2572
913 1715 1936
2392 2284 1293
622 1265 1149
2153 1652 461
2600 718 2284
2532 156 1894
537 1056 2899
839 2901 352
2382 2412 1081
1936 1256 1984
1306 2446 407
138 2633 1539
2322 162 120
2232 2456 1304
1629 2180 118
358 1488 171
2907 168 687
2196 1807 8
2694 1525 2955
768 256 829
1031 2819 2559
838 233 1923
2310 193 333
1305 1775 157
976 1809 1382
1351 417 1924
631 35 2678
2041 1264 1959
585 2817 1575
2490 332 763
87 2208 1757
1124 1905 459
2056 834 2455
2573 456 2598
1971 2433 1617
2013 720 1371
1176 727 756
2617 466 1690
2661 1994 265
2827 1512 2826
2966 2787 2570
993 268 2967
1903 1246 822
1437 2253 28
1543 2996 1842
661 716 997
1628 2562 286
471 1360 431
28 2964 1106
1244 272 970
2190 1923 787
2535 2391 1092
1028 2609 851
1242 1138 2448
1642 1511 1777
2923 1841 1103
1876 2412 2490
133 569 2797
1384 845 749
1281 449 2244
899 605 2743
1574 2811 753
247 2816 2116
1343 2759 1367
59 2516 1614
2643 2431 435
2772 2780 2523
2093 1855 1045
271 229 2669
2108 921 1809
1708 2310 1691
144 2541 830
1170 588 959
702 1305 2929
1899 197 2577
1336 175 1200
1181 2675 1377
1625 2531 574
1649 2946 1866
1454 1105 1572
1332 1040 78
907 2707 415
1175 156 2017
1228 2276 1334
106 1033 1386
84 408 1660
1976 558 118
1198 1635 1693
842 1085 1345
1668 2554 2484
689 387 2013
1479 787 299
1150 2712 862
2727 1839 2744
905 76 835
2762 2780 1535
910 1559 1666
2908 2049 897
1737 720 2853
2776 2903 2533
365 1923 1676
2180 318 1851
2006 1467 1591
737 78 2963
1632 2322 2404
2442 1394 568
1574 2280 195
2975 2641 1680
2191 1246 2170
898 2212 1337
2744 2886 495
1275 527 1525
1939 2529 1073
89 1870 709
538 1848 2129
1857 2377 429
2736 1370 405
2039 145 2129
1088 1428 1139
1248 1346 2784
2552 2147 873
955 2127 2906
958 2377 2230
2936 1736 802
1113 311 152
887 813 1532
765 563 951
1532 2645 427
203 351 327
1010 2054 682
1769 394 2913
735 303 905
399 1422 2377
2621 2914 1230
2749 144 2218
2259 163 2488
2363 1668 678
2570 723 2513
1307 620 685
700 2430 2286
1235 1015 530
459 907 2162
763 2748 1546
1601 397 2683
1699 57 2006
2762 761 1137
2530 1657 1278
2305 370 1437
944 884 1523
1780 2528 2310
1520 1673 154
565 565 1018
1049 2253 1273
2455 1772 2709
886 2700 1255
1850 1453 500
737 2161 2192
648 1987 452
823 1160 2575
1231 1433 1190
2260 88 190
2661 2207 2843
1075 941 1086
1828 1800 1105
2786 203 915
2550 2470 413
774 716 2394
1155 484 692
56 2180 2007
2601 819 1249
144 2366 1483
1448 687 2192
338 379 1359
2801 1066 1113
499 1598 409
754 2111 1208
967 420 1325
753 2580 2813
1691 640 413
1299 1954 1358
1325 609 1467
2149 1966 2513
686 2853 2622
360 1203 1000
2054 1596 2885
4 824 2775
2244 828 1486
1392 615 1129
2699 1853 2942
2744 212 1246
482 1812 387
1731 1176 2222
2143 2286 2171
585 1203 1878
2003 2447 1827
1294 1459 6
2980 344 1236
241 2260 2217
731 1599 1953
414 304 1327
685 1245 39
926 1992 116
2185 955 1975
123 1754 2889
2160 734 1215
2193 2045 154
2366 1496 2308
1048 2931 256
1492 431 1769
1970 1270 2086
1050 2358 1023
1444 2309 2684
99 827 536
2779 1160 1617
1025 1315 2452
802 1861 699
2724 1723 1678
307 1123 2309
2824 1425 411
2824 1734 1784
781 1733 1407
1100 744 1577
126 256 1539
1807 2410 1983
430 578 2318
1518 2979 1075
2222 1899 689
892 2111 1862
2611 43 61
1927 733 836
1424 2486 775
2085 501 946
2600 2304 1534
1276 278 576
2036 459 2017
1750 401 2115
2133 820 643
2924 1343 701
1121 2155 2199
2925 2685 2852
2998 674 9
1619 357 1068
2929 526 620
1023 1313 2495
11 628 771
1704 680 2607
1599 2850 1712
996 2287 854
2227 971 261
1484 2614 610
1778 2034 1718
1876 1025 586
2145 473 1124
2760 1759 2227
1223 1492 1204
269 1909 2499
2410 1671 1452
1500 2409 2826
2692 390 1498
1379 812 2344
2754 2247 1847
2524 127 2758
1711 1391 1116
653 2912 1627
1725 2816 873
33 886 1252
1374 814 2871
89 1139 1632
27 2690 2164
2376 2580 1076
2558 1308 1673
1554 173 1950
1927 802 648
2931 2486 1158
427 2709 532
873 123 2008
371 2002 1511
2286 598 1816
1303 1141 336
373 2313 178
483 2262 2432
689 2001 2668
2408 2436 2003
2974 2990 2370
2333 1724 1886
2603 1101 757
1293 2047 2818
2073 2272 2845
1979 2195 1229
1424 461 489
2294 789 791
1325 293 820
1493 229 783
299 2263 204
1078 916 773
1951 2984 2948
1855 2416 1569
532 1254 288
976 1569 1377
403 1022 2136
2582 566 2806
2005 2408 346
977 1382 1997
2663 1472 2064
2950 872 504
2589 2175 1406
2156 864 2936
1668 2420 1835
2867 2219 1591
770 2171 207
1585 1419 2439
2289 1430 2473
2156 1640 1612
1965 1234 1085
1456 2033 650
2963 1810 306
712 1480 2020
1300 2897 1103
2520 1012 2430
1239 1450 1458
1155 2984 400
830 697 2756
2430 2488 2732
2902 2058 2326
1478 1309 1408
1731 1589 875
2011 1959 1944
2610 1988 807
1271 2711 747
874 1553 2995
1755 2884 1580
2707 2245 656
2605 2921 339
2250 2405 103
453 1801 1618
454 420 111
1445 1844 1739
1222 1237 434
582 2432 2850
2849 1747 1295
85 573 45
40 2375 2773
2637 2185 1993
817 2738 1154
2312 1135 1514
2511 1134 1344
2898 2129 2630
566 2371 728
1182 1587 2571
2332 2917 1276
1485 2292 1949
974 2305 455
2466 899 1660
2591 2053 1352
2190 921 1789
1618 2069 1721
685 2111 402
1461 2883 1707
2850 535 2373
507 1663 1084
1076 2172 2795
294 1962 1032
1710 889 152
371 888 260
2376 2786 2126
1578 2421 1646
2367 1323 617
2378 2234 37
1277 2136 2871
1612 829 2509
471 1821 1378
2434 2183 606
2158 2365 2348
2614 2471 1984
2575 468 737
1364 2252 1025
2102 932 220
1412 1715 2508
713 89 185
2393 1973 184
583 454 480
2009 503 1299
1793 2832 1761
613 943 2100
2421 202 1562
412 507 1066
390 867 2504
2080 1575 1919
132 1115 2209
2848 190 1897
2016 1606 1895
2169 2872 463
1760 1930 2108
1791 2718 1405
2921 71 419
81 1199 180
604 262 1644
80 1266 1080
1461 1281 680
2883 1196 1754
1929 647 112
1554 2616 391
1964 1963 2022
2648 960 1444
329 1750 844
1350 1091 801
1731 2286 2246
1574 1129 2892
2495 1451 290
778 520 2228
1459 2019 1289
182 1326 2419
2061 1273 2565
1593 1221 294
1255 162 2390
1392 590 1522
1023 2590 1683
2865 246 2103
2539 771 1484
651 2475 391
151 296 1953
1155 1149 706
474 21 2812
1578 1597 1035
2567 2333 538
1430 1627 2222
94 328 1621
1954 2152 1504
218 2470 2644
689 2496 2657
616 1978 2652
2336 693 234
2867 2705 522
2818 11 264
89 1925 2650
60 897 1039
1139 1393 2146
2052 1234 1737
807 1313 818
1798 631 390
944 2494 1020
2516 703 1773
858 1609 1031
2373 145 376
396 1461 2956
507 191 541
818 1142 1428
2211 1475 652
365 668 348
1823 1834 1879
2453 652 2600
2417 1011 823
610 1056 376
1752 1388 617
2170 1778 1702
28 315 1331
2879 423 2842
594 2188 188
2289 643 1372
904 1483 2338
2993 1921 2776
1072 1677 1681
1876 1002 232
497 651 2553
1630 1524 1715
2568 674 2578
115 1821 15
2346 1945 2902
1122 949 476
2329 968 1955
2872 1931 686
1165 123 2358
1311 1411 292
501 2295 2711
295 248 1470
2297 1116 2283
2949 1214 1669
617 2889 487
565 2843 626
305 1469 115
499 167 2561
1993 1688 2759
2507 1373 2202
2458 971 1479
1459 1574 1808
1246 1685 2876
247 2781 1880
1130 539 678
1461 2078 2048
1047 240 1609
2085 1971 828
1649 1604 404
214 224 102
2814 2913 2623
1586 239 408
2243 1872 456
2418 389 1236
1912 558 2067
2685 1449 2043
1398 2682 1090
277 2224 2379
1643 1516 1715
1035 746 466
1958 2843 1142
2629 2642 258
1602 1474 748
2688 873 1883
366 1172 1559
100 1900 1519
178 1949 980
2988 1840 425
290 1194 337
2647 1893 301
2624 1641 1329
625 1146 860
2166 2637 1218
2731 404 2718
114 777 2187
691 1903 157
728 535 552
1725 1735 2456
2377 1063 1318
979 2655 2663
2882 220 463
709 1623 2813
2285 2649 2417
808 692 2806
606 1420 2249
700 2409 398
2833 906 2886
68 2934 1962
1147 2115 828
2277 548 568
2784 2313 1773
2902 2569 2232
1273 1932 1679
172 634 2420
599 2284 504
310 424 330
600 1397 2657
1179 1844 2724
2903 2296 924
2228 1008 2275
340 2813 2497
2101 1835 411
1111 1803 1041
1598 1881 2292
235 1311 175
2585 2291 2065
1517 2645 1879
891 538 276
1935 2419 2000
1594 2754 1648
1233 145 2419
942 65 2197
2422 976 1852
902 2897 794
1770 2748 1902
2027 830 2245
431 1479 682
1645 1267 2410
1158 1940 1612
402 1267 918
1104 417 2540
2828 2171 2251
911 1833 313
2911 1485 1479
1241 2110 987
1303 345 961
1542 2128 577
192 1154 573
1870 2487 315
687 1330 2036
1530 2813 2706
489 633 376
1797 1112 2785
1395 865 980
2080 908 2973
2304 2517 998
2608 1752 178
1798 2539 588
875 2146 656
1575 2137 666
785 1943 1078
1227 290 2506
321 1230 2560
393 50 1575
1002 990 264
1982 2112 354
1139 1716 1
2466 1845 877
2982 2394 1407
1926 75 1252
1525 386 1734
213 2686 925
1578 2657 661
845 1173 663
1143 1516 1891
2955 1335 2257
549 1535 2569
2736 2681 1314
960 2850 1028
1786 873 2505
2959 1837 2134
395 415 1881
1964 1536 387
2319 1334 1225
2754 1306 677
1487 2130 1322
540 2857 1590
1013 1189 133
2612 464 380
2654 2999 2840
1232 103 1241
441 2229 1652
279 1345 1373
833 659 451
420 1977 17
2948 2690 1266
2559 2409 1209
2303 84 1560
1711 1370 2717
136 278 1884
2912 2618 1257
585 2405 1400
1230 2342 78
2903 1890 1602
930 23 2141
578 199 263
1994 1248 2075
195 2305 2734
968 2635 2784
2477 577 2782
29 853 776
1830 1347 1422
593 388 2309
606 1531 1918
1239 2125 2854
194 111 340
1402 1644 1346
1933 269 2196
2681 289 1309
2599 1942 366
1772 1295 2917
223 1131 2815
581 1854 2992
668 1293 890
492 2053 1722
1903 1058 506
905 2361 1327
98 1840 2105
2984 2675 2863
2618 2691 1057
2373 420 296
1863 2186 1012
1570 2973 1550
691 2257 2799
1928 2937 2088
949 756 1449
2666 2727 438
1756 2272 2765
2454 402 993
1113 2562 2533
988 676 559
2803 238 345
2737 2839 2552
683 1342 2013
1705 658 770
1918 1039 2216
589 407 189
2265 1600 2676
11 2152 1910
2717 2063 756
2404 2834 1979
2620 1612 1429
1836 450 169
2063 1233 1078
187 52 932
545 1263 511
2181 2382 1576
866 1236 1625
1092 78 512
2871 428 2662
570 2008 2830
2957 1817 2640
1507 2646 1603
2607 2628 938
941 2738 2833
1912 2658 2547
2685 183 2052
2706 2131 2086
2391 35 2951
1486 1604 2133
1366 485 2512
1440 133 1842
2307 830 1730
752 280 898
462 1582 2973
2596 1140 2039
1123 486 2053
2959 1684 1993
2139 1759 380
86 75 1873
2506 2890 2498
1596 2706 1312
34 2950 2497
1812 1883 258
2230 1346 2315
67 2250 1428
485 2597 46
290 2809 1738
2304 908 1061
359 2124 1585
2885 902 2581
2235 2656 1151
1175 1246 1111
1808 2443 1539
533 2950 2788
1523 1448 2070
1609 1445 2620
623 1922 2426
73 2956 402
1342 1526 498
335 1383 1573
2197 1422 1845
2602 931 171
2315 2341 2231
2183 2117 825
1612 1584 480
1173 2765 2031
1391 1034 878
2777 601 2983
1238 669 1035
2527 1597 209
24 1394 2876
1102 1581 1062
779 1769 2216
292 2978 988
2591 1308 1571
1318 1379 1054
2926 367 864
1100 1085 1440
2470 2644 2214
2772 2752 501
647 1266 2086
1301 1177 2632
1171 207 737
615 2907 2685
2112 2899 64
668 1283 2979
2855 1481 306
1272 635 2209
1117 2287 931
2848 2152 1932
2097 2015 845
467 299 990
2538 377 587
2623 214 1606
1428 428 1754
1711 952 1250
2104 1201 983
2071 1646 1410
188 2856 1670
1301 2523 1549
1992 1340 1611
2241 709 1136
410 639 636
38 530 343
2238 1585 2131
250 2778 2939
845 537 2786
2467 792 2910
1039 2589 2027
2591 1680 1334
785 242 758
2214 573 1697
1491 1854 2120
1090 736 329
1122 53 587
1713 754 1950
38 637 2509
1468 20 2770
1229 1114 293
1935 769 2764
1064 2686 1278
1136 2010 43
1923 1460 2600
1350 497 2501
2950 97 538
2049 768 1192
2063 2799 462
1508 648 2011
2410 2949 1771
30 679 701
2673 2279 1001
1120 1566 1962
2528 1665 2973
156 1409 2089
2606 1593 35
534 1970 1595
1093 450 1432
742 2011 1349
39 1159 635
2702 2032 1634
2182 1559 223
441 2670 1958
1366 2186 567
2173 1750 759
1171 1004 815
1249 2737 1541
2428 1973 1344
443 1547 1234
92 2888 2958
1748 2949 1245
1017 2576 1399
1322 2712 2999
1905 2552 2388
2878 2058 432
2792 1847 591
631 1661 1369
1845 1877 1558
422 203 1828
2281 246 2757
1412 1004 275
2144 668 249
1720 88 2908
2884 1822 1887
1311 591 1061
2453 1645 2393
2902 2867 2268
2034 1428 2955
525 2282 561
2768 669 2441
416 14 662
1276 2605 1231
2742 1496 215
483 421 2928
1011 2016 2322
823 765 1010
2831 1861 1075
622 103 2014
404 2371 787
2618 2010 116
1948 2038 1708
1660 1275 272
2753 2708 1972
2770 1205 2483
2762 223 59
1444 2811 2477
2866 1618 1781
2425 931 2087
2854 527 621
1788 630 881
2144 2437 1115
1959 1585 1740
2216 1429 2829
1869 843 1949
1752 53 2765
2295 1094 150
351 2131 1077
632 1463 2032
89 626 1890
458 793 797
192 815 2812
2001 1829 2871
1263 1551 625
1081 1012 1801
1980 309 198
1167 1538 2103
1861 1509 2143
2967 2383 1522
2602 176 963
882 620 2438
2709 2700 2239
1131 348 1576
2882 1735 619
145 2660 257
2606 397 325
2922 1927 52
1823 2071 532
2706 1183 2693
2508 2297 2249
448 938 1361
102 1849 994
1413 1409 2752
1203 1751 355
1552 2587 2162
2687 1383 1781
2439 695 1269
227 2794 660
1496 2783 1827
319 2753 573
152 728 2244
1620 1290 1552
2451 2464 477
2905 30 1168
1844 1173 710
1105 2533 2345
2992 2197 1904
1207 2718 2540
1670 2827 1739
562 2152 478
2190 449 21
2992 2783 1599
810 2599 603
1402 1859 1847
2774 2574 1177
2108 1661 741
2020 1136 1559
2115 440 2127
1754 1916 2866
1508 2200 1610
6 2632 2042
1430 1083 2375
1219 1112 2273
1467 359 2810
693 1595 2432
1701 2642 913
1781 1831 675
381 2164 215
2983 1186 841
1903 2253 2607
1807 1016 1833
2075 1466 1444
963 1937 1065
420 827 1371
2352 277 1685
2355 2448 598
2858 2836 420
931 2739 2948
892 160 2130
2456 664 1629
1496 2483 2281
410 1393 2082
1926 423 658
1211 2855 1233
1324 466 2991
648 2105 1017
1310 1663 2555
852 2006 1576
1148 2586 942
825 1576 1267
485 403 2707
255 1401 2483
1536 2346 5
795 65 789
2194 1905 2808
2522 2568 1596
561 2854 401
1842 1107 1830
2916 1684 2144
1516 112 2438
254 1223 2998
1384 127 186
2631 1586 1157
266 671 475
2397 1860 1202
1504 2971 269
133 170 2570
601 2369 216
277 495 2598
26 1041 1936
2450 1691 401
344 2948 2700
2402 2835 1580
2993 2341 397
863 2388 1680
1632 2173 500
2405 414 525
983 1898 380
1374 2788 1252
303 870 2436
1203 1996 1914
795 391 554
2943 1958 888
2161 460 1436
1437 618 2203
565 1523 1061
1331 2237 2222
38 2220 760
1867 472 1841
1610 1246 100
1280 2526 1144
1741 1366 1925
50 561 988
1680 1777 990
1037 379 2450
2850 1558 164
2731 172 659
643 775 909
1715 1342 2105
511 1324 1400
1475 847 1509
1865 1662 2471
2902 487 1125
2291 229 746
1613 1195 2576
1182 2381 1067
7 2199 2238
2646 610 1742
2781 2460 2702
2544 671 458
2284 2034 84
1607 1248 770
1462 2334 2187
1298 2356 273
436 388 56
1693 1955 938
695 1685 619
885 1773 1099
2197 2126 1363
2983 2491 2803
434 1307 2383
1135 861 72
412 15 963
914 2478 718
2332 2781 1206
751 665 1044
2665 1376 2737
1527 2315 1820
2721 1905 430
1792 2564 1276
1177 1849 456
2610 1816 206
1635 1942 2962
1379 1668 1054
127 122 1557
591 1679 1053
2013 2452 1283
2831 1012 960
368 1549 1129
2484 2404 1917
401 78 1515
1071 2275 486
1194 1561 511
2241 484 1337
1871 2839 2803
1040 1677 1324
589 2238 68
2812 1663 437
1553 1245 956
1395 85 474
1249 1022 2831
2913 2 1401
608 405 1492
1247 217 156
1910 634 519
2221 345 1988
1805 1604 1700
2588 2865 755
851 2694 1534
1255 2648 2507
1239 2224 311
1490 2750 2990
454 1515 1561
792 2824 2729
89 1958 1547
586 313 2202
2533 31 1077
956 1320 301
2668 2034 1899
2249 1976 117
2614 2190 2153
1441 527 2333
936 1495 1428
392 2214 1011
2895 2104 134
2564 1337 730
1402 999 748
745 2051 2399
1579 2808 302
2581 1747 2658
1845 1552 1156
1121 688 1220
679 2261 2619
1981 458 1177
577 2534 2677
574 770 1281
2353 2942 41
1330 2511 127
2571 455 2888
976 1832 1113
1108 2574 31
570 1732 2578
2570 61 2613
2685 2452 1852
2880 852 511
793 1630 2836
1878 2894 2160
194 2182 612
2069 1753 777
2879 2185 2690
560 644 622
1316 1149 421
249 2642 1781
290 2729 2607
2869 2439 2661
2132 907 1140
607 369 2989
1775 1593 297
1137 1696 1010
1969 344 2944
694 2931 2519
2834 583 1044
1627 582 2419
1709 1633 1115
2280 762 1552
1592 821 2989
1162 1642 1623
552 104 324
1979 690 2906
2952 139 20
2457 189 106
1961 2755 2113
489 149 2512
1580 2681 167
2921 2220 1041
2675 183 2130
1627 1207 411
2518 2987 2298
1571 2522 502
719 2682 66
2049 585 1737
1913 787 2510
313 1796 1918
1134 2152 1232
2380 1022 790
1793 908 1538
2007 1560 2481
706 1799 1101
513 61 2511
2212 2794 2159
1942 378 1685
596 958 2935
2842 2210 1264
680 707 124
741 1918 2204
1035 1014 471
223 332 1370
1194 2601 2993
2626 2196 2763
2808 1532 1418
2709 1439 2361
160 67 1722
444 2887 2990
2519 2283 375
2898 1581 1370
4 1666 1837
2031 1208 550
2122 1410 2017
1747 2185 401
2998 203 1351
1246 170 1335
261 742 1595
936 2811 406
489 1387 1143
2460 2848 1356
1078 495 2404
2646 2562 2836
1258 2333 604
590 49 751
1066 1538 2623
700 637 2945
1001 1460 752
55 615 1859
2932 1896 1911
2407 682 1153
2752 1896 1621
1982 1415 1671
240 292 2413
2748 2562 2471
2462 728 1143
2530 62 134
1769 1166 922
106 2140 736
2206 800 1855
2137 2266 1154
2466 239 2885
1523 910 1750
1922 1071 1969
1512 2280 1959
2599 1449 1605
892 1473 2132
867 1106 1656
2671 2743 1445
2761 450 83
2670 1592 1247
1356 1560 222
1415 677 1844
2474 1894 1122
1031 2548 2185
37 272 738
2587 2950 174
2572 385 1024
2278 1920 2571
811 2476 2884
913 2929 2514
2616 1491 2062
2987 1664 2355
191 2220 65
2594 2043 400
2861 2967 2314
552 2446 366
115 1998 415
2407 749 1016
2863 441 161
2616 1627 1249
2446 33 2786
948 2935 1964
133 1692 1035
266 2453 795
770 681 2764
1665 2894 1574
647 2159 1938
2162 493 1500
2188 635 1181
1588 809 2879
2566 590 2629
570 1098 1100
2939 2132 1993
457 714 2321
1574 105 2364
2543 2149 1373
1877 1411 1334
2337 2076 2577
2322 2659 698
535 1815 2390
1542 2326 1916
1732 1761 1901
1616 501 241
1406 1635 2911
199 2552 2462
319 218 2211
1793 54 1861
475 2674 1976
1358 589 2411
952 1561 563
910 2081 2451
1837 1943 2865
2356 1217 1864
437 2393 2966
344 2852 2479
1698 198 2440
2292 971 241
1482 860 1765
383 2776 1338
1172 1454 2659
2113 2802 2684
2340 2268 446
1349 1025 2665
509 2947 1453
80 1601 375
2992 116 2524
961 213 894
2819 1117 2580
572 991 2904
429 1231 2956
1455 1915 2812
2037 73 251
889 1434 243
1884 1267 390
2740 695 289
2683 2926 727
2463 1336 1162
2643 1225 924
480 1709 879
152 201 2136
102 1662 1056
495 516 2040
2014 2867 218
189 2709 714
2700 1815 1497
1928 803 1527
1354 2550 2006
2892 2120 2268
112 572 1746
601 1996 2000
1510 1137 1399
1804 1618 2072
1903 1902 1572
344 683 2965
2443 80 753
2401 2205 1177
2285 315 2606
1550 55 1093
2107 2787 2780
2976 1947 679
2122 1493 1794
1785 1415 2699
2440 22 1810
646 281 2020
2969 347 184
1829 1364 829
2665 298 1769
2125 1516 1615
2495 972 1767
1225 2124 1089
405 1862 1670
228 2882 68
2476 1743 2065
1335 344 256
1235 2139 289
2847 381 2604
1303 565 1022
2612 1196 2547
1341 517 850
1945 2791 249
7 1500 1364
308 711 1176
2719 193 319
2966 2118 274
2383 626 1472
657 2495 509
2334 2568 2125
2558 2574 352
2131 2843 2850
285 397 127
1226 991 1296
880 295 1654
1025 2001 1487
103 443 716
482 607 159
1157 1986 626
1976 1930 2525
224 2175 40
511 733 2432
1130 2166 1921
1926 1741 2686
492 1927 1985
1273 2353 1291
2146 2695 2461
2599 1838 2572
1143 207 2717
618 2505 2502
166 2255 1579
166 2441 1410
839 1758 1424
2196 261 1918
697 678 1296
2720 2222 253
1379 2381 2081
1839 1606 2011
1172 1423 942
300 1437 803
1668 1304 1191
1344 2694 565
1164 2532 1366
1864 261 889
541 450 2175
2704 2058 2908
430 1818 535
532 531 706
710 2096 2043
1118 841 2067
2134 1444 2187
979 2563 2891
1152 1115 2359
1734 1379 1169
1216 2575 1276
1035 2912 572
1897 407 1975
2259 1678 2673
745 845 2236
1974 135 1864
2037 1078 918
1375 2493 313
1329 1865 1225
1288 14 1029
1909 1781 2045
2722 1930 1970
578 669 2054
1894 816 2579
1952 2372 2028
1591 2211 2077
1045 1782 183
1032 2444 794
2863 331 2257
2545 913 1919
811 2946 1850
578 1849 72
303 1224 1568
600 2091 2387
1124 1620 1758
607 2505 604
2848 1131 1479
2863 967 2947
1470 1472 2727
2566 504 1742
267 1612 249
363 432 1908
782 876 81
403 96 550
589 1192 329
528 2018 597
1804 1440 1265
1913 2705 985
2256 1924 2075
151 846 2179
1133 1341 2916
2790 252 1005
2915 914 2559
349 2870 1404
59 1687 2873
2401 2923 1123
649 2269 1322
1782 527 2556
1440 214 2353
2978 1037 86
2468 96 722
452 1053 2407
990 1385 401
1967 1553 2228
531 1540 2789
1469 1339 261
2622 74 109
2322 1647 2194
1973 245 1175
135 2411 287
950 2592 2881
1785 2888 2132
2025 27 1725
2556 1542 1173
2129 1655 470
89 1519 2114
1744 1174 1461
979 1600 2610
1028 2586 2809
2110 2590 2303
357 2302 247
2169 831 2229
2121 2082 613
1723 422 350
2460 1466 2780
1660 37 1395
2746 366 2014
820 2099 835
479 580 1051
905 2047 793
1915 2335 398
2004 928 1749
241 573 622
1627 743 217
1693 1687 92
253 481 2913
1474 1156 1390
2049 1142 1118
1674 136 2033
1802 1653 2681
2269 368 1036
2830 975 1204
372 2670 2823
1140 2186 2392
11 2234 689
396 1432 985
779 378 326
2906 1880 2716
2129 2038 1774
1313 1087 393
820 788 250
2915 1636 2932
1571 758 2608
1693 2075 2662
798 2727 654
953 2672 2342
2101 949 135
1604 630 1835
2163 1292 2674
1215 2651 1920
1972 1278 2394
2844 1744 1252
2846 2584 24
2860 2836 559
2448 96 520
1582 1070 1758
60 2391 2619
976 2876 2343
1345 344 713
2723 821 152
265 1795 482
2507 1312 2611
1793 679 997
1203 1176 156
1043 1065 1062
359 2520 2798
109 2119 147
1986 1848 436
1699 2328 2549
1239 2130 2705
528 126 1993
2546 2797 2369
1619 1490 1103
1707 1453 2793
2137 1667 1010
1733 1357 2203
243 1294 2550
33 2214 1526
2787 2785 2095
2828 2068 2150
194 600 205
1622 907 328
122 2799 1749
2218 138 2908
2456 2841 582
1720 2635 708
2670 2677 2312
2039 1690 1019
1170 1942 2751
1923 1423 373
207 2912 303
2707 2250 683
2839 2103 527
2459 1661 2424
358 796 1631
285 918 2265
2850 2358 359
148 1868 312
537 2603 585
578 2509 2160
2951 2203 2645
1879 2437 2810
1989 171 822
