3000
813 588 842
83 497 781
268 38 1
150 679 601
482 989 778
753 383 328
789 23 280
501 822 203
748 894 424
933 552 553
699 97 198
577 567 717
825 747 272
679 823 625
703 91 865
435 344 96
371 820 420
825 257 456
717 97 774
202 718 651
816 299 100
975 47 603
925 206 848
672 935 370
499 956 853
932 199 528
590 661 994
715 914 825
516 939 30
649 371 251
617 441 312
366 604 123
92 513 902
695 538 204
120 623 679
275 320 737
201 389 496
229 142 612
215 855 887
898 715 535
13 194 797
174 18 664
341 572 927
688 636 634
314 384 387
541 399 297
130 696 501
56 190 434
609 765 408
99 452 252
826 92 914
618 687 892
911 457 458
803 852 390
816 79 530
437 483 311
723 837 419
964 88 197
765 697 273
463 500 740
803 989 177
19 23 551
127 258 604
822 370 193
263 515 463
338 950 530
261 421 950
901 432 627
498 275 617
487 673 491
504 146 739
387 509 314
650 825 479
332 376 676
167 995 936
946 635 386
712 618 273
328 662 408
999 500 747
813 162 960
848 298 574
7 639 461
988 59 187
31 625 793
584 115 699
736 380 371
961 510 874
604 64 942
198 159 971
276 629 16
433 826 802
820 834 538
504 78 481
238 103 380
371 986 149
698 641 250
622 326 148
39 644 685
100 732 108
47 662 490
474 742 922
71 645 32
719 565 131
632 853 947
86 165 633
647 934 272
930 859 915
670 463 512
711 21 811
653 141 838
967 194 931
957 452 491
798 451 458
572 284 489
730 594 66
852 820 299
373 293 369
963 35 86
515 879 283
287 281 990
485 442 455
945 381 33
731 88 256
836 620 654
245 549 764
34 757 178
345 380 33
54 975 758
784 770 973
215 718 444
352 907 80
162 750 693
117 410 561
139 476 761
507 655 77
132 76 359
533 32 191
539 726 154
189 289 757
155 520 583
871 398 816
229 968 227
713 578 733
933 129 430
708 168 776
325 247 575
587 5 806
825 583 396
193 779 334
876 391 539
452 10 408
866 544 565
871 678 140
734 240 661
557 825 761
382 279 683
190 996 153
169 707 641
138 394 77
63 13 41
484 778 61
118 667 729
554 103 690
377 610 33
62 556 231
806 417 231
782 579 705
945 974 301
95 483 80
742 588 885
61 173 916
678 449 123
982 115 719
183 52 701
942 32 769
861 693 747
436 667 726
294 262 455
238 207 836
880 670 798
549 807 661
220 285 607
14 262 540
810 750 763
998 993 726
893 701 339
796 530 96
599 610 661
34 371 376
708 120 232
972 782 29
370 944 709
971 349 447
703 853 995
53 353 143
32 11 345
70 497 3
475 849 271
90 694 605
631 280 236
136 129 430
559 187 249
679 394 609
440 578 530
642 851 492
951 277 260
141 307 910
34 198 777
460 108 828
181 590 112
971 951 829
3 526 165
123 156 607
403 486 498
883 891 544
786 711 555
832 815 482
221 863 660
921 398 159
789 942 470
891 933 876
11 346 428
258 328 137
293 380 603
876 695 372
229 6 799
313 181 85
418 638 636
787 238 949
658 92 199
390 422 129
772 933 936
858 152 533
952 977 52
533 538 796
992 500 944
374 905 337
862 730 606
400 889 280
666 680 817
991 69 268
135 43 113
604 618 627
737 159 840
518 519 117
802 705 784
798 991 89
89 853 681
774 128 222
360 347 163
997 746 839
939 251 180
989 189 231
644 129 881
491 757 950
469 638 114
744 629 140
467 995 824
202 586 381
752 149 995
341 642 270
934 70 281
771 2 63
904 671 31
492 646 467
326 63 12
282 914 739
104 394 957
639 345 105
756 856 880
383 146 853
774 151 380
684 781 481
762 415 807
20 969 545
911 859 155
107 457 383
13 915 966
993 131 695
565 492 272
73 490 124
409 722 204
814 557 999
883 175 449
339 262 821
555 794 355
302 558 706
906 280 464
570 905 736
788 47 513
765 256 678
637 995 4
540 900 838
508 571 550
261 175 865
37 329 15
880 215 585
312 196 158
285 60 280
745 310 720
904 384 223
725 746 176
609 3 93
835 897 848
366 591 190
359 188 489
947 655 227
488 394 912
561 638 368
126 672 752
90 995 441
56 599 913
634 209 624
450 276 225
654 996 58
495 679 660
516 858 540
259 534 273
656 994 370
308 806 437
767 380 97
784 559 425
918 659 167
961 285 63
666 517 326
838 680 520
59 81 681
115 63 450
441 547 93
181 703 270
361 2 65
273 733 317
355 398 414
608 721 874
853 735 80
759 118 290
821 508 458
745 264 916
318 247 786
16 944 53
794 528 555
894 390 158
225 803 302
657 668 885
763 923 13
110 270 813
985 139 573
122 32 409
264 501 218
72 746 283
783 180 912
139 158 102
876 25 813
223 610 336
914 430 921
712 487 627
587 500 463
331 988 630
465 198 820
182 545 116
227 686 842
143 401 229
602 361 477
578 789 664
282 607 859
611 876 198
584 935 232
755 28 417
250 407 591
767 123 941
660 36 925
323 373 823
511 661 260
932 447 386
311 370 538
730 602 382
598 927 59
422 655 604
185 313 297
604 681 484
247 107 472
911 590 165
376 590 439
694 986 480
820 336 74
465 444 498
13 879 907
112 622 67
493 445 654
61 656 27
851 750 846
528 540 360
372 165 933
184 492 545
73 416 601
614 118 31
356 837 667
239 628 753
550 258 850
946 624 535
994 897 831
946 271 852
801 396 370
728 968 4
635 353 429
308 180 506
869 805 362
39 17 556
823 210 7
794 46 842
32 487 661
106 576 426
496 335 958
898 482 208
211 384 148
113 217 51
957 229 889
276 428 226
366 487 379
154 380 711
774 910 654
743 287 861
195 761 836
925 576 57
514 205 206
411 938 542
955 941 48
691 436 655
982 25 943
937 967 876
655 79 750
84 122 692
622 684 810
198 518 776
102 531 583
583 494 997
339 906 685
191 452 216
786 877 790
992 10 226
335 220 556
581 304 154
615 8 30
300 108 415
525 902 221
681 213 747
423 571 609
557 670 770
613 947 511
92 444 888
891 609 885
553 920 175
966 142 688
622 205 646
719 870 290
432 308 714
411 675 34
993 449 221
202 305 239
756 442 372
774 49 668
940 323 372
741 367 416
442 367 543
419 856 293
802 158 620
992 669 611
264 672 203
625 478 514
178 645 566
8 154 67
230 548 262
476 619 13
992 217 559
313 60 991
886 857 576
41 502 399
128 359 332
141 890 298
553 4 940
597 277 814
800 883 134
276 648 329
89 761 658
543 613 359
123 593 623
934 1 249
314 640 214
215 71 442
921 28 630
362 812 324
931 207 947
878 591 773
418 392 810
577 763 850
56 61 191
672 574 874
621 241 537
974 255 299
173 263 181
622 367 362
293 578 799
230 164 74
130 589 818
571 464 57
118 83 836
568 41 367
382 458 416
284 531 778
245 427 950
606 595 434
335 918 654
458 391 825
574 553 612
822 253 52
892 750 96
885 956 909
435 678 521
401 110 632
524 461 341
594 628 944
703 178 103
724 75 102
918 193 211
509 695 975
748 249 801
555 6 367
654 192 863
46 36 403
8 290 906
454 711 790
724 788 999
626 121 206
493 164 4
16 486 676
658 681 990
361 252 935
149 454 388
425 964 573
243 336 902
719 653 222
787 855 119
949 824 648
410 476 760
699 50 222
303 580 580
645 280 860
552 751 109
582 264 232
650 792 337
791 612 375
882 313 282
411 443 654
935 323 459
357 205 120
601 425 893
830 276 84
239 358 524
850 870 870
847 878 948
730 43 80
742 942 117
161 868 16
840 518 350
19 433 45
129 198 13
120 282 176
873 856 965
217 228 777
108 602 222
708 655 12
708 746 332
667 799 408
73 947 25
743 372 564
675 162 867
941 970 460
930 152 994
908 627 790
445 285 54
578 583 394
938 308 807
612 481 649
657 621 790
802 812 736
647 605 621
983 987 993
997 1 652
988 308 300
152 2 218
305 113 132
644 4 582
823 758 382
365 117 732
741 562 206
844 355 652
417 845 331
785 752 114
197 259 832
123 470 595
440 121 339
372 941 685
248 14 426
897 268 721
126 177 23
34 698 15
834 13 325
77 451 978
837 56 157
281 284 754
305 254 226
256 339 543
590 280 983
161 54 789
964 831 92
248 478 120
997 533 406
551 499 959
394 341 135
536 868 76
152 282 251
44 225 741
892 326 988
25 391 358
647 344 721
181 465 218
828 117 323
863 753 805
169 716 146
197 160 86
183 493 987
597 252 422
670 513 14
454 890 465
764 571 683
878 927 34
867 780 684
124 933 966
343 9 562
322 883 564
725 484 480
819 255 70
429 911 408
18 481 977
993 806 148
18 477 57
2 122 839
94 72 171
999 221 207
536 200 506
651 256 94
97 609 829
524 776 851
586 632 667
895 824 850
675 368 126
897 112 637
482 23 891
341 649 702
241 716 190
718 113 792
573 744 734
929 489 263
763 929 960
911 918 831
739 235 610
617 884 881
335 869 103
219 443 42
346 563 942
84 884 536
125 123 360
128 105 899
387 636 841
65 411 549
135 300 668
462 649 773
669 917 163
27 239 12
183 941 115
142 959 851
312 650 447
597 564 649
417 87 864
356 983 77
287 560 247
282 436 726
381 222 566
709 962 752
332 796 955
851 282 911
381 122 768
394 695 924
926 631 985
304 167 826
947 258 419
22 180 339
431 992 289
14 436 880
294 716 221
680 843 628
290 206 231
492 1 32
855 764 434
188 458 243
435 572 373
498 380 204
214 950 943
549 28 116
152 521 624
656 869 470
702 218 144
918 505 668
378 891 284
238 623 740
484 157 249
875 88 203
917 46 298
416 320 966
740 210 187
618 871 853
311 854 807
99 556 919
672 818 510
981 657 275
616 920 946
222 508 231
867 47 526
239 92 927
628 786 896
51 437 837
435 284 641
752 265 560
229 745 513
212 109 631
475 833 455
241 483 528
463 572 47
797 621 901
572 443 363
694 197 292
914 208 957
493 166 292
310 317 582
674 984 564
523 175 469
602 638 255
260 739 48
342 454 731
348 946 381
139 869 239
289 504 869
566 123 91
835 74 685
67 997 723
399 367 913
718 493 87
763 950 783
163 798 660
289 704 53
687 246 669
12 971 429
699 747 55
837 580 8
970 723 823
967 453 298
551 514 771
881 807 325
46 540 288
735 402 968
15 576 665
189 629 233
283 22 608
924 998 8
475 881 198
191 467 134
693 268 176
898 669 672
636 650 9
493 512 154
26 225 578
895 239 606
121 951 430
164 663 118
45 589 802
197 402 158
577 823 568
191 502 886
108 620 60
955 288 984
813 637 897
89 514 610
208 529 305
238 973 705
270 941 151
915 552 763
901 383 928
113 308 765
512 237 198
785 795 127
932 618 730
315 351 701
791 4 404
505 188 391
441 962 256
448 974 845
20 547 856
705 435 663
21 466 861
63 379 47
137 675 529
488 595 460
495 345 462
174 730 908
814 109 610
76 942 480
470 709 337
366 241 966
434 883 516
580 490 903
564 967 431
195 845 260
149 966 727
347 729 969
670 779 811
670 681 393
720 659 865
818 640 481
119 221 63
877 137 486
779 224 159
390 12 684
310 273 653
842 916 791
339 2 577
388 786 628
150 311 359
979 359 850
726 73 592
309 211 955
497 84 148
724 221 971
746 837 423
759 214 193
695 56 691
729 26 18
464 878 560
197 313 476
264 4 918
360 70 172
65 551 461
478 61 224
162 630 397
19 524 860
915 408 233
898 214 94
580 814 443
171 102 318
90 347 690
451 697 216
669 185 181
114 543 388
200 907 921
744 888 846
101 769 173
461 897 13
117 530 51
210 958 424
74 833 477
321 828 149
379 635 361
171 835 890
470 521 140
383 77 350
836 696 310
329 674 302
771 875 92
617 435 99
497 804 370
449 638 235
396 247 788
802 123 207
587 659 443
177 176 400
683 602 587
220 967 30
435 39 645
94 61 732
458 762 328
894 718 732
72 665 114
138 41 526
822 669 662
598 787 930
663 914 992
105 305 712
4 3 670
544 199 338
175 607 94
4 694 624
869 751 168
512 344 737
948 760 52
276 254 235
666 875 4
466 415 898
468 546 241
79 356 647
30 742 884
635 125 277
450 752 205
295 519 786
368 416 858
741 705 360
916 350 585
670 29 639
831 191 249
859 829 286
697 743 242
542 981 117
714 426 502
769 273 516
201 365 72
796 27 259
264 755 230
796 921 502
320 807 997
505 848 160
66 715 563
142 964 583
22 675 854
346 525 163
517 554 641
490 707 468
748 166 984
149 426 478
249 959 729
528 574 201
408 524 348
723 831 851
13 969 781
519 2 456
599 335 820
524 306 100
628 644 256
506 423 738
79 779 360
299 331 716
160 776 83
347 822 580
964 696 123
49 878 747
854 378 40
364 387 802
732 211 470
4 716 543
422 252 621
947 545 279
45 847 98
397 175 844
878 808 786
814 369 751
140 940 214
935 337 650
14 926 772
233 866 97
338 839 398
554 964 651
409 12 901
195 428 795
103 165 921
875 837 955
863 772 562
125 937 699
606 939 746
45 431 419
417 81 392
933 808 161
801 866 211
800 825 815
401 980 968
859 645 94
829 799 949
343 657 993
201 345 59
279 849 524
367 421 137
654 721 454
803 438 295
581 849 202
454 971 823
472 725 73
341 278 175
969 568 199
483 563 315
599 513 341
421 75 448
479 508 958
939 818 687
926 919 502
754 152 484
736 262 835
709 593 680
743 42 855
111 310 978
851 287 469
2 311 888
102 992 616
689 301 812
662 317 52
370 108 575
112 96 941
315 710 639
243 389 455
662 504 985
705 94 994
690 355 352
572 235 378
163 344 14
415 376 338
775 914 334
375 456 443
129 56 258
171 912 182
831 824 987
837 537 124
214 539 595
92 241 434
308 140 333
454 731 64
748 877 273
205 862 612
867 572 161
341 72 566
537 5 190
220 511 194
714 672 588
89 958 633
845 315 572
256 223 484
392 262 141
704 740 893
832 280 183
387 809 504
793 910 392
100 559 228
901 177 156
927 58 317
747 824 349
887 8 910
83 454 646
360 999 312
853 483 604
878 999 289
518 970 236
864 71 161
176 253 767
681 259 188
979 41 130
367 263 447
917 319 158
611 63 706
15 945 672
676 228 805
452 57 750
683 612 492
118 245 917
19 938 980
233 153 195
136 42 270
575 188 169
607 45 497
145 247 455
496 854 839
644 514 690
978 637 776
149 265 800
530 358 226
419 147 411
111 340 781
99 220 809
958 696 85
875 708 251
305 488 148
321 615 124
719 140 341
732 332 280
157 182 662
661 432 475
969 880 782
175 651 313
855 51 978
733 498 759
555 105 124
748 506 110
336 248 19
607 999 995
26 603 195
799 270 965
892 658 270
133 980 869
643 124 417
214 380 508
516 289 756
630 729 768
138 217 477
403 57 920
89 11 668
228 195 845
287 437 970
783 89 624
333 38 342
44 587 743
768 946 323
124 287 131
864 355 605
612 306 989
781 243 945
447 763 597
955 313 55
22 924 295
532 353 422
689 864 952
455 401 603
390 436 536
575 899 960
761 373 97
854 783 733
496 42 122
169 238 117
50 232 300
718 329 195
679 117 197
37 627 263
602 10 953
131 617 304
352 227 555
673 632 239
30 518 424
719 668 527
14 743 135
758 99 40
831 59 285
431 959 187
926 59 592
642 504 766
224 712 619
455 46 913
117 673 112
627 813 982
388 610 377
757 848 279
311 633 121
667 325 847
901 997 376
250 358 75
941 696 289
781 100 3
956 331 134
698 944 969
134 234 435
266 52 259
328 283 477
618 310 858
562 433 968
337 420 386
84 411 201
117 976 202
92 314 746
808 462 267
278 699 91
577 34 156
193 785 801
779 117 616
231 872 788
228 241 704
330 316 747
897 1 418
251 846 907
560 680 138
644 374 493
468 885 566
4 56 23
100 82 183
546 295 231
116 256 560
425 258 149
751 842 796
833 766 934
815 755 766
402 109 184
681 437 357
728 421 386
770 730 396
725 646 311
250 147 8
299 106 625
205 221 379
943 157 333
611 497 474
603 704 542
251 749 366
185 406 84
964 643 406
200 174 577
775 209 619
504 134 446
879 467 216
825 657 778
71 963 479
729 195 969
340 136 266
250 23 477
589 646 845
388 990 5
392 201 45
324 685 589
776 921 937
324 861 690
608 938 188
676 220 828
687 944 91
829 178 18
121 206 967
474 534 899
328 991 687
458 452 917
413 50 761
90 606 71
610 497 953
863 239 684
267 695 402
409 288 818
349 316 674
519 383 87
925 774 264
101 139 796
29 552 427
895 885 615
576 988 821
141 116 77
531 554 61
452 417 515
117 906 731
659 540 116
427 143 314
636 598 413
986 556 520
211 906 986
959 436 413
410 725 406
46 23 475
957 540 364
645 779 862
592 493 731
944 636 360
374 441 60
122 3 599
219 815 953
774 664 735
422 843 374
967 823 913
215 291 88
275 664 108
296 458 119
596 518 593
14 385 202
116 982 454
252 962 254
935 343 818
696 802 230
957 888 765
963 450 527
474 894 942
93 915 271
21 560 428
193 392 77
916 219 43
255 832 849
921 366 312
704 298 625
252 315 511
455 157 718
241 624 957
877 933 601
759 129 770
666 887 137
565 896 1
703 349 769
643 902 912
801 604 95
964 53 330
173 235 724
965 688 580
113 552 217
995 979 167
713 171 231
292 892 592
104 711 727
426 556 150
334 866 240
211 272 140
736 542 983
3 298 705
719 496 64
136 438 299
625 548 341
903 478 399
937 693 368
551 580 532
738 273 459
598 103 724
17 939 381
588 448 791
424 919 859
410 195 987
32 220 471
32 198 567
819 109 501
42 622 211
695 564 798
479 977 959
381 471 674
701 903 835
784 40 843
823 932 495
741 647 814
578 886 229
435 838 573
249 791 115
33 117 229
74 682 484
375 461 99
762 732 802
682 524 395
874 991 35
900 272 188
274 843 671
969 447 287
877 735 380
268 581 100
864 468 115
874 84 835
10 217 887
956 562 88
735 416 867
733 727 450
491 952 181
540 546 906
324 717 637
397 170 81
466 646 94
550 289 127
393 427 126
747 586 528
674 43 636
968 886 787
887 666 555
621 343 865
956 116 732
158 439 344
648 371 188
519 366 364
24 157 612
663 745 799
204 146 612
704 24 596
924 72 691
515 956 309
763 459 887
858 601 474
914 781 136
526 907 445
535 540 485
260 577 187
549 473 404
472 276 487
387 770 187
364 373 459
887 419 566
435 246 559
563 731 277
908 249 513
647 962 594
151 766 696
551 430 612
709 443 654
799 273 487
257 335 378
574 378 934
371 543 825
113 614 975
568 113 785
254 648 553
776 531 70
989 387 967
365 422 676
870 445 406
818 107 69
961 874 856
877 320 452
251 674 48
647 627 933
572 935 592
148 274 221
670 874 867
660 323 122
702 556 849
163 441 63
659 766 892
776 927 988
762 324 301
305 105 6
349 961 115
738 643 853
727 232 393
654 310 624
459 609 744
256 817 506
6 200 501
729 388 441
24 816 995
664 895 706
553 72 453
69 297 139
48 542 611
870 81 810
159 955 644
881 840 789
794 279 689
853 268 655
377 9 190
356 767 152
494 584 99
548 300 842
263 847 544
570 575 383
581 378 60
476 515 61
685 406 337
126 962 634
641 757 202
972 169 788
336 472 528
84 94 633
751 904 625
454 360 233
550 582 724
318 486 851
75 408 208
824 779 190
81 713 378
72 868 931
672 164 809
427 708 916
139 812 282
275 949 660
139 877 795
43 267 716
364 416 407
59 491 307
516 590 383
460 550 829
85 201 239
962 236 432
333 194 666
920 157 380
65 907 724
810 708 449
705 845 451
545 491 484
443 605 934
422 562 746
939 894 844
395 591 822
371 476 143
430 508 406
140 184 35
492 872 827
719 348 995
861 108 485
772 29 675
97 571 993
378 35 635
477 115 137
592 707 781
208 936 942
711 5 776
945 709 232
76 277 749
120 500 957
142 962 876
877 850 81
696 9 508
903 191 41
533 46 72
142 173 505
40 642 423
659 590 881
518 865 479
534 12 214
244 811 78
512 858 443
26 133 721
772 423 560
922 206 568
39 150 272
45 977 486
805 617 333
422 953 583
125 121 308
780 839 507
894 677 356
689 954 945
813 765 981
114 144 25
588 38 49
291 235 215
249 935 868
51 300 707
148 397 694
574 27 804
258 27 458
412 554 371
456 100 75
674 26 46
524 215 809
400 680 301
807 890 459
513 504 960
289 668 666
504 667 540
123 439 861
289 714 943
873 89 252
824 594 595
380 844 360
322 984 103
686 254 361
61 720 672
331 95 340
521 291 36
303 787 600
685 24 496
585 40 200
60 838 527
832 896 846
113 837 368
995 797 372
632 420 190
178 687 31
553 710 519
476 93 742
610 322 97
553 849 534
798 512 164
451 392 865
58 805 243
664 803 296
252 609 451
381 649 883
513 828 892
793 151 968
110 103 422
80 725 177
722 506 506
349 98 890
214 506 747
996 506 864
442 494 876
234 871 298
135 21 646
52 851 761
451 756 519
286 552 551
629 87 617
190 22 908
171 127 407
944 323 471
769 246 371
937 912 687
813 596 860
809 663 55
857 392 216
207 954 756
175 878 181
825 66 78
721 935 221
987 273 115
314 869 286
376 548 949
86 877 787
19 92 867
668 319 406
640 2 971
28 470 900
56 691 217
658 617 817
962 640 329
883 123 378
295 781 605
596 120 165
435 83 458
560 378 613
447 731 310
781 119 835
226 213 977
385 624 714
717 313 544
143 47 686
497 306 233
723 147 694
682 420 741
598 344 313
244 554 412
19 96 15
304 912 614
155 156 759
961 910 388
313 287 832
166 931 844
510 120 457
799 684 941
336 590 418
587 671 468
320 336 356
110 465 612
193 157 622
995 826 54
847 651 675
961 212 993
27 90 822
588 365 111
953 383 612
558 980 301
953 541 508
878 979 503
561 517 205
396 537 720
888 463 384
135 931 410
291 564 854
349 705 847
100 344 48
453 303 250
974 954 777
958 760 249
667 776 488
935 693 827
40 894 619
776 521 97
446 673 65
400 842 932
559 321 292
376 281 572
915 598 763
500 447 800
304 40 37
670 554 128
990 310 525
437 126 52
731 76 10
896 813 847
805 950 52
452 459 416
921 776 896
219 51 951
766 497 532
96 277 768
91 224 935
477 529 761
632 516 537
631 267 741
652 235 677
785 878 247
120 486 393
759 25 377
944 697 698
14 823 778
247 381 595
857 737 137
17 584 447
453 940 837
414 187 942
977 14 881
273 321 606
653 282 261
441 608 155
804 395 199
968 353 110
546 311 640
50 390 77
683 631 996
964 839 282
324 446 578
199 993 55
22 866 675
89 654 940
680 343 535
673 270 41
121 239 898
649 350 411
944 227 902
197 134 192
879 385 553
811 358 725
970 7 769
422 289 669
367 364 659
461 940 190
942 739 933
682 896 823
468 915 588
510 483 774
788 517 519
438 385 668
438 929 43
484 447 360
11 924 304
937 77 693
533 5 322
528 971 862
985 793 281
203 189 264
280 666 700
304 582 69
491 45 720
689 458 726
630 701 517
927 895 713
954 677 197
888 974 385
289 742 476
420 330 855
751 545 466
243 849 326
724 336 26
641 224 218
366 689 540
649 719 837
648 403 336
4 781 493
701 361 808
956 562 962
47 119 917
173 53 530
309 565 498
526 9 14
24 259 27
836 897 639
778 933 868
860 388 941
181 352 110
646 964 336
913 853 870
154 660 354
37 465 687
838 437 98
871 821 40
123 628 247
551 663 173
292 354 425
1 833 155
133 979 418
66 323 925
737 331 319
914 599 750
606 187 249
496 772 74
513 767 475
318 584 243
725 806 931
116 382 231
704 320 676
89 820 650
825 489 102
128 734 423
892 823 457
744 948 314
246 521 24
454 938 940
718 35 77
715 202 817
603 953 640
933 209 157
121 902 716
828 323 515
108 495 877
399 660 150
562 159 70
20 888 24
821 206 556
550 208 77
861 866 408
462 579 218
222 213 558
970 523 124
677 179 70
218 374 392
224 705 844
220 588 403
873 774 827
950 324 628
576 511 757
596 433 713
708 553 639
443 133 978
934 9 975
461 283 317
950 908 31
722 875 777
688 541 914
432 671 252
961 775 388
794 708 793
582 423 414
29 990 400
49 102 672
711 804 483
51 990 630
372 220 12
476 576 943
353 746 691
616 137 902
364 141 800
157 659 548
816 78 901
945 123 123
334 695 906
748 830 250
179 655 420
68 907 644
323 701 491
248 553 455
200 817 240
79 952 475
137 250 533
88 911 738
898 983 931
223 491 742
263 986 682
982 933 429
983 308 103
976 664 888
937 798 279
146 502 359
993 900 478
707 201 795
541 344 35
769 352 915
949 137 390
413 623 625
316 301 244
28 196 922
259 257 487
696 157 296
936 810 526
702 207 22
825 936 277
787 998 13
764 155 108
280 372 948
464 866 360
554 30 231
923 29 138
128 581 959
835 224 674
11 783 581
143 328 704
955 568 567
896 441 123
364 25 349
987 666 464
481 394 712
18 752 172
501 632 766
643 76 240
273 381 283
5 21 198
231 937 163
53 983 869
591 936 781
546 40 73
482 682 993
178 956 836
525 987 347
763 911 167
886 855 283
929 699 876
174 598 219
593 457 957
136 158 210
480 597 93
550 898 987
136 879 777
153 692 980
568 90 983
702 993 957
11 780 133
445 488 560
314 972 80
894 369 706
685 228 839
563 833 652
625 94 602
699 940 234
29 481 694
559 173 591
38 914 808
703 463 603
621 938 84
131 434 285
148 228 503
394 60 483
970 963 435
147 459 202
485 931 155
79 908 295
446 273 345
288 25 493
747 533 422
819 529 467
493 195 63
503 901 671
691 789 340
749 13 869
249 187 808
108 194 9
960 893 70
928 361 130
865 65 284
97 297 610
906 371 188
72 919 214
857 258 378
617 701 935
977 249 1
713 871 823
953 615 241
815 348 64
570 349 261
791 445 677
94 994 96
816 968 113
415 448 680
242 154 575
774 580 703
114 10 439
865 550 276
16 250 882
34 278 222
521 381 644
702 203 64
854 96 529
99 143 933
219 803 137
582 133 32
823 706 477
183 468 91
616 393 631
892 441 456
924 565 878
844 526 675
344 670 931
428 30 297
782 179 376
543 868 574
19 824 107
121 869 688
395 162 336
701 704 356
296 421 564
285 444 646
849 827 582
286 579 347
583 658 640
471 502 238
768 665 465
83 488 462
17 133 358
953 848 219
973 47 680
149 244 958
452 758 817
998 95 17
574 670 923
535 181 315
839 973 410
375 518 163
113 848 810
684 367 856
343 510 46
915 875 822
658 368 181
584 859 167
64 332 796
161 13 222
550 615 534
490 841 953
108 804 724
631 7 701
122 104 658
391 749 515
228 304 878
714 32 794
463 596 608
787 698 861
785 559 496
288 51 246
682 846 934
129 292 254
845 291 667
503 362 44
123 543 487
364 672 813
252 386 57
208 532 605
554 668 597
962 325 181
16 547 172
725 345 512
422 740 147
164 674 1
639 169 918
76 650 851
790 404 494
873 661 314
507 483 11
260 64 266
141 25 968
829 819 976
860 565 806
141 429 646
629 631 766
25 977 573
586 83 738
661 148 49
411 673 91
760 164 8
357 539 880
413 779 93
883 256 359
537 815 358
736 162 751
70 458 762
812 915 34
545 547 365
82 865 328
625 391 279
55 341 90
324 82 295
205 702 218
120 871 310
64 982 689
56 545 986
906 550 678
713 288 654
301 88 469
101 392 147
525 196 263
412 955 692
142 406 862
722 989 771
460 970 408
464 105 302
539 597 671
323 197 167
510 228 236
308 527 254
910 856 288
485 256 77
750 162 873
3 953 746
647 190 662
523 592 64
226 45 915
945 734 126
528 453 870
259 734 444
25 891 963
955 725 788
851 945 806
390 761 205
223 280 579
190 254 831
389 821 121
746 562 11
932 995 627
749 560 144
765 835 764
260 908 221
193 991 147
242 36 695
327 69 464
581 529 913
537 747 275
106 873 768
305 977 321
705 558 267
294 910 638
570 28 921
728 590 504
551 342 213
841 53 768
655 649 68
883 197 385
261 449 667
384 651 365
143 234 490
88 837 586
21 843 752
997 191 733
991 894 420
703 896 751
153 155 199
364 987 735
429 436 276
552 889 939
795 561 859
160 622 318
644 930 473
138 590 432
740 225 900
41 726 379
35 12 967
998 770 456
270 151 934
955 389 270
891 453 560
261 693 148
760 705 480
115 477 853
898 506 469
162 975 97
943 888 37
149 824 379
286 773 776
654 363 931
360 780 577
324 16 619
922 501 678
774 100 166
125 762 523
752 326 988
25 163 209
289 404 992
937 384 470
287 751 578
28 189 200
231 517 468
200 482 629
244 917 164
833 213 775
107 252 31
859 187 305
872 739 766
879 576 803
419 435 860
527 743 687
957 110 374
762 914 348
90 470 514
227 3 600
656 227 847
277 507 781
383 863 721
462 279 953
915 592 355
708 552 469
759 940 967
294 533 29
342 709 435
168 819 71
130 300 353
619 283 23
13 127 774
197 74 490
754 533 939
484 647 775
758 317 975
324 111 862
30 916 195
982 351 866
842 741 232
713 3 984
730 811 320
4 665 42
836 680 430
76 855 351
189 560 940
817 816 335
587 795 238
732 233 880
512 502 316
921 236 300
624 206 612
816 901 333
119 24 396
904 183 417
377 262 577
879 691 926
477 926 382
593 920 837
457 555 720
781 594 832
510 729 147
579 93 993
816 149 711
670 32 884
578 260 595
335 306 336
324 867 696
343 553 374
278 633 101
436 122 497
994 374 545
485 653 257
191 498 442
530 369 420
256 499 99
560 643 269
994 412 4
789 843 121
776 818 825
798 833 986
996 212 899
606 113 991
925 210 862
548 658 904
981 871 218
960 538 678
206 246 97
420 594 697
273 762 929
184 484 757
927 220 750
952 616 299
754 214 137
351 859 227
972 581 504
241 311 169
358 139 712
899 805 319
606 576 510
280 467 414
179 740 102
230 87 90
960 645 752
579 393 74
881 671 882
466 905 620
661 649 418
429 784 814
108 83 26
197 402 640
451 110 146
811 875 112
583 338 401
275 21 954
457 109 798
938 154 80
10 510 905
395 966 919
391 684 572
109 654 915
493 254 214
618 769 213
998 848 466
29 456 294
3 295 294
309 42 880
484 587 317
481 939 167
190 599 975
228 179 958
17 867 508
186 715 690
897 194 270
973 769 914
679 469 911
507 56 265
664 133 797
499 577 423
302 984 8
543 41 344
994 739 2
813 255 344
550 154 347
683 689 382
619 401 415
275 716 612
954 211 428
450 446 987
327 288 683
868 246 680
65 9 856
782 885 80
780 665 24
529 139 966
547 80 299
897 543 541
890 401 868
437 631 322
716 964 147
150 599 689
397 471 610
60 573 40
802 54 378
575 560 477
222 886 721
885 676 178
644 960 352
937 938 379
45 502 651
777 71 332
526 202 143
889 677 867
987 520 402
512 414 366
785 133 311
572 883 984
483 904 126
240 341 795
75 391 424
377 953 377
277 771 772
103 913 884
714 680 621
24 215 690
990 670 679
128 150 402
543 658 58
289 380 763
830 486 883
699 864 637
303 314 321
823 597 275
174 245 103
566 607 354
491 974 23
504 802 677
463 545 555
497 423 652
432 687 275
797 627 327
855 507 835
936 100 678
534 841 638
208 863 686
322 744 378
616 493 306
410 897 106
398 147 390
546 218 181
893 707 192
195 20 67
240 634 26
494 472 970
366 629 310
129 771 10
457 919 403
170 161 964
979 553 550
214 184 354
100 535 234
91 545 203
494 759 431
721 83 558
135 353 349
64 14 918
217 912 312
712 154 656
57 613 389
783 218 17
479 102 438
944 447 914
848 736 759
588 324 45
352 324 929
504 966 651
149 585 307
762 345 431
307 9 964
210 247 938
835 130 406
81 471 700
513 287 718
244 804 769
963 900 788
925 559 128
944 656 777
8 730 660
724 377 679
761 680 688
597 592 160
797 719 633
462 325 14
340 390 671
541 32 790
680 972 341
552 790 199
83 226 797
340 443 830
398 399 742
666 953 67
790 2 117
875 916 974
176 943 73
326 661 832
230 762 51
187 460 185
859 240 434
795 17 89
725 880 450
785 206 685
857 795 761
659 248 83
393 69 927
279 751 312
454 278 2
127 266 788
209 542 191
487 497 602
298 152 854
295 481 318
434 555 926
495 963 107
702 231 161
825 39 570
805 981 36
555 785 153
58 707 902
857 607 50
102 133 481
956 447 907
44 843 809
962 980 941
314 246 381
428 587 615
595 589 599
135 132 755
309 575 460
793 878 580
724 259 695
343 141 411
448 509 317
991 127 221
834 903 170
146 976 420
176 989 197
216 585 151
421 652 862
940 283 284
307 269 483
752 111 104
109 294 393
671 46 67
777 37 998
516 563 593
179 530 760
197 91 491
813 680 244
606 914 491
97 739 841
837 36 972
578 960 351
393 87 246
519 168 973
849 4 156
748 708 536
215 150 918
437 499 78
71 983 461
128 563 24
436 76 546
178 300 527
463 397 953
135 259 937
175 795 921
821 86 177
890 270 352
657 882 497
832 599 798
293 9 691
886 331 877
930 724 647
107 480 9
394 125 76
815 667 10
365 590 105
88 713 144
881 889 230
955 523 680
17 903 185
693 397 257
17 841 318
908 986 81
697 624 36
97 212 62
413 727 269
27 912 689
685 414 24
806 666 748
323 44 442
264 226 672
86 452 734
65 162 337
731 743 429
683 791 42
121 367 751
64 43 804
733 409 657
219 950 493
966 522 156
348 671 962
279 827 659
748 920 727
667 455 497
874 107 796
726 90 528
109 652 606
831 793 111
90 523 251
743 465 869
558 717 100
527 991 263
674 372 382
277 344 314
204 710 635
772 885 85
520 919 418
682 27 882
104 146 298
418 409 153
399 376 979
478 485 151
535 589 571
305 291 533
289 39 158
261 594 387
865 476 728
890 744 737
487 86 773
364 64 576
629 306 247
305 314 479
769 75 874
622 886 69
655 473 309
226 928 771
7 81 919
431 523 669
603 916 383
348 433 198
660 835 186
761 94 402
889 766 68
42 912 832
649 106 286
379 382 971
453 36 318
635 26 154
150 976 96
966 933 185
871 386 1
355 845 914
58 783 817
67 665 557
40 511 934
156 159 210
731 300 475
356 361 230
714 710 433
285 564 55
866 224 320
592 465 920
207 965 469
334 179 873
59 566 404
114 398 51
482 382 253
940 190 827
797 99 316
606 2 248
415 31 79
856 831 158
299 675 47
887 741 878
596 538 660
397 718 991
952 220 183
717 621 785
736 925 762
801 223 665
38 41 614
522 298 64
502 618 441
822 362 11
714 639 867
186 641 773
755 716 243
530 887 326
209 785 164
384 191 590
493 400 965
982 419 924
49 518 49
694 829 796
788 538 334
864 186 317
424 397 531
884 874 844
322 313 879
558 509 102
980 362 608
936 165 24
839 70 334
22 525 452
312 260 769
854 21 498
773 295 696
499 872 418
355 176 627
337 402 281
98 490 44
650 475 611
485 647 629
363 263 3
933 369 465
557 984 469
740 871 688
581 269 48
894 738 104
538 175 764
547 568 312
642 199 130
888 603 313
139 542 105
869 303 344
411 558 616
142 600 244
777 647 164
583 192 919
780 162 970
788 331 884
90 628 621
319 685 729
114 658 306
514 567 674
131 94 424
970 249 185
721 196 98
376 436 608
775 508 682
621 882 508
533 912 931
6 781 24
67 380 407
897 706 799
899 466 233
738 468 624
433 546 679
924 511 205
651 981 578
103 879 491
823 157 300
586 813 79
734 552 598
929 138 626
864 398 776
17 52 94
1 225 194
951 387 777
368 906 434
320 356 253
331 679 949
159 686 826
698 311 576
547 691 732
533 721 873
151 827 953
795 345 103
281 857 119
167 813 597
228 168 781
480 778 48
800 996 49
995 215 580
467 383 39
440 630 769
743 528 340
434 738 147
729 479 276
92 588 452
493 890 430
816 776 172
400 20 557
590 235 352
133 195 485
872 510 841
369 798 395
516 537 989
37 75 36
351 205 507
411 892 859
713 924 795
242 480 901
53 601 680
609 43 800
425 960 671
836 655 434
34 836 789
206 739 153
967 362 663
184 624 155
224 490 685
217 880 122
31 521 947
500 371 50
602 421 698
705 577 179
218 559 36
333 963 795
877 549 300
897 224 937
914 376 20
506 510 140
857 859 355
201 686 32
432 14 400
721 810 407
665 326 662
447 505 726
623 850 504
332 451 673
608 767 406
522 785 306
41 304 243
186 197 519
251 56 673
706 914 338
643 663 68
427 831 900
913 921 999
618 901 690
24 293 62
179 12 622
726 893 819
900 716 92
163 52 774
73 603 782
378 615 980
647 850 890
971 39 378
846 152 366
753 252 10
143 638 198
483 179 78
152 36 660
237 703 509
587 705 425
630 591 188
294 982 143
774 31 551
896 448 757
381 910 22
583 189 453
122 915 154
335 141 431
134 91 894
647 410 16
881 242 205
472 254 847
43 665 440
671 537 248
663 895 524
431 30 789
801 318 692
282 11 109
597 49 561
12 990 734
72 458 395
91 12 863
104 271 100
575 430 636
856 337 517
509 934 933
708 199 944
126 565 212
197 175 863
556 161 51
724 795 670
132 353 772
698 191 479
735 456 849
927 825 395
9 498 703
382 350 331
738 414 218
408 332 47
870 206 638
451 557 689
150 631 568
990 384 144
256 130 381
609 38 691
307 155 159
899 572 276
474 456 494
31 357 92
180 263 228
524 95 254
574 895 959
456 974 845
261 840 819
903 430 206
272 692 180
774 91 280
514 336 881
72 511 70
282 278 651
547 887 399
406 961 711
34 773 491
34 799 904
258 319 661
714 905 622
460 631 766
596 204 877
988 445 603
568 739 174
930 836 565
702 265 454
749 429 240
350 51 867
971 772 621
855 92 345
980 334 103
461 155 461
713 682 718
4 974 8
425 366 60
425 917 634
892 444 215
75 493 621
665 386 700
416 466 618
195 930 664
414 416 566
140 254 847
728 167 138
578 536 253
483 873 403
619 786 131
28 167 107
555 530 675
72 12 215
393 825 725
281 366 605
775 280 877
294 71 755
299 759 307
363 480 616
257 904 406
274 80 885
617 952 513
244 227 732
106 499 853
19 694 673
920 971 827
573 991 469
12 777 209
199 488 883
490 959 378
637 876 175
226 280 900
389 839 579
765 44 885
850 868 184
157 970 511
626 769 579
29 753 23
902 99 465
673 839 3
301 711 367
293 738 566
316 747 673
618 122 549
266 552 910
920 974 163
705 707 994
714 122 813
348 987 131
999 976 460
982 859 798
353 418 787
746 35 527
853 417 170
626 587 592
238 674 275
717 371 953
151 457 415
600 369 429
415 618 375
980 170 550
427 495 762
334 363 34
834 96 754
461 190 481
61 207 409
140 272 590
861 832 647
407 692 317
942 863 27
288 180 302
942 597 890
248 518 540
663 931 441
410 712 536
869 566 175
747 700 268
527 104 584
636 232 140
145 790 660
240 416 26
85 430 488
965 168 538
126 212 628
809 703 326
374 713 901
856 576 645
270 898 831
257 570 370
840 29 310
795 973 342
394 195 498
359 218 434
803 145 317
930 181 987
686 139 280
436 953 695
762 718 400
497 686 316
430 714 818
787 141 991
175 907 19
32 63 880
892 585 561
362 511 992
484 179 60
524 421 981
558 519 740
133 885 53
841 976 347
62 947 169
639 386 645
951 811 125
286 874 589
641 520 523
142 572 319
988 227 193
307 401 17
349 496 703
92 443 822
534 215 45
332 300 9
420 362 338
750 764 385
411 551 700
611 669 791
63 776 345
267 193 536
542 710 619
872 612 251
6 15 543
729 617 72
225 877 688
347 115 561
110 21 565
47 395 426
162 738 421
721 980 403
177 141 563
144 829 689
880 885 971
497 845 629
94 285 743
222 378 454
321 215 218
900 190 825
107 15 679
316 572 575
36 98 263
862 387 59
227 776 358
365 412 763
818 532 269
966 386 46
110 621 144
524 871 792
