230 229
27 86 1
27 112 1
27 98 1
86 108 1
86 26 1
108 179 1
108 211 1
179 25 1
179 34 1
25 148 1
25 11 1
112 177 1
112 92 1
177 122 1
177 49 1
177 88 1
148 37 1
49 78 1
88 45 1
34 213 1
213 102 1
102 29 1
29 41 1
41 226 1
226 133 1
133 89 1
89 99 1
99 215 1
215 164 1
164 19 1
19 192 1
192 12 1
12 6 1
6 22 1
22 189 1
189 161 1
189 160 1
161 170 1
170 90 1
90 67 1
67 13 1
13 38 1
38 85 1
85 145 1
145 194 1
194 123 1
123 214 1
214 10 1
10 131 1
131 15 1
15 63 1
63 206 1
206 139 1
206 68 1
139 58 1
58 217 1
217 40 1
40 142 1
142 182 1
182 121 1
121 54 1
54 43 1
43 5 1
5 81 1
81 153 1
153 97 1
97 91 1
91 51 1
51 93 1
93 71 1
71 8 1
8 185 1
185 176 1
176 30 1
30 152 1
152 111 1
111 39 1
39 210 1
210 230 1
230 151 1
151 66 1
66 188 1
188 207 1
207 115 1
115 225 1
225 74 1
74 60 1
60 83 1
83 101 1
101 165 1
101 132 1
165 158 1
158 202 1
202 143 1
202 144 1
143 20 1
20 171 1
171 56 1
56 228 1
228 209 1
209 150 1
150 17 1
17 106 1
106 147 1
147 224 1
224 159 1
224 14 1
159 200 1
200 84 1
84 186 1
186 166 1
166 156 1
156 134 1
134 59 1
59 227 1
227 183 1
183 16 1
183 116 1
16 69 1
69 96 1
96 154 1
154 201 1
201 21 1
21 46 1
46 190 1
190 180 1
180 187 1
187 138 1
138 135 1
135 126 1
126 31 1
31 141 1
141 4 1
4 175 1
175 113 1
113 76 1
76 197 1
197 136 1
136 124 1
124 55 1
55 146 1
146 172 1
172 117 1
117 204 1
204 157 1
157 199 1
157 57 1
199 118 1
118 220 1
220 9 1
9 18 1
18 184 1
184 35 1
35 173 1
173 64 1
64 129 1
129 47 1
47 137 1
47 50 1
137 2 1
2 80 1
80 82 1
82 181 1
181 174 1
174 3 1
3 130 1
130 127 1
127 100 1
100 28 1
28 169 1
169 65 1
65 70 1
70 87 1
70 105 1
70 163 1
70 7 1
70 61 1
70 125 1
70 73 1
70 212 1
70 218 1
70 107 1
70 119 1
70 103 1
70 195 1
70 52 1
70 198 1
70 178 1
70 23 1
70 221 1
70 223 1
70 205 1
70 114 1
87 75 1
75 120 1
120 229 1
229 62 1
62 48 1
48 24 1
24 32 1
32 128 1
128 193 1
193 36 1
36 95 1
95 79 1
79 33 1
33 77 1
77 94 1
94 53 1
53 140 1
140 167 1
167 191 1
167 149 1
191 208 1
208 216 1
216 155 1
155 168 1
155 72 1
168 110 1
110 203 1
203 1 1
1 222 1
222 44 1
44 104 1
104 196 1
196 109 1
109 219 1
219 162 1
162 42 1
