230 229
58 27 1
27 98 1
27 69 1
27 214 1
27 13 1
98 210 1
98 115 1
98 167 1
98 93 1
115 33 1
115 51 1
69 77 1
69 207 1
69 72 1
33 106 1
33 183 1
106 74 1
77 186 1
207 67 1
67 156 1
156 188 1
188 220 1
220 173 1
173 38 1
38 59 1
59 198 1
198 132 1
132 99 1
99 168 1
168 32 1
32 12 1
32 202 1
32 50 1
32 216 1
32 94 1
32 8 1
32 101 1
32 194 1
32 118 1
32 64 1
32 49 1
32 195 1
32 76 1
32 150 1
32 6 1
32 61 1
32 169 1
32 78 1
32 182 1
32 66 1
32 213 1
32 36 1
32 177 1
32 208 1
32 158 1
32 148 1
32 187 1
32 227 1
32 71 1
32 119 1
32 145 1
32 111 1
32 110 1
32 179 1
32 144 1
32 68 1
32 149 1
32 229 1
32 191 1
32 126 1
32 60 1
32 120 1
32 228 1
32 163 1
32 41 1
32 10 1
32 40 1
32 128 1
32 80 1
32 44 1
32 180 1
32 226 1
32 136 1
32 143 1
32 147 1
32 104 1
32 52 1
32 211 1
32 154 1
32 124 1
32 14 1
32 140 1
32 222 1
32 181 1
32 205 1
32 199 1
32 157 1
32 107 1
32 159 1
32 165 1
32 127 1
32 65 1
32 16 1
32 161 1
32 178 1
32 217 1
32 212 1
32 113 1
32 219 1
32 184 1
32 193 1
32 20 1
32 129 1
32 164 1
32 70 1
32 47 1
32 39 1
32 138 1
32 87 1
32 209 1
32 34 1
32 82 1
32 134 1
32 203 1
32 196 1
32 172 1
32 176 1
32 192 1
32 96 1
32 25 1
32 28 1
32 230 1
32 15 1
32 221 1
32 18 1
32 46 1
32 174 1
32 218 1
32 117 1
32 114 1
32 75 1
32 53 1
32 137 1
32 201 1
32 21 1
32 24 1
32 146 1
32 17 1
32 84 1
32 73 1
32 130 1
32 43 1
32 3 1
32 135 1
32 92 1
32 133 1
32 131 1
32 22 1
32 223 1
32 160 1
32 90 1
32 206 1
32 190 1
32 62 1
32 48 1
32 121 1
32 97 1
32 63 1
32 88 1
32 45 1
32 91 1
32 155 1
32 175 1
32 30 1
32 89 1
32 86 1
32 189 1
32 2 1
32 204 1
32 23 1
32 31 1
32 103 1
32 29 1
32 109 1
32 197 1
32 19 1
32 224 1
32 7 1
32 152 1
32 200 1
32 11 1
32 9 1
32 26 1
32 171 1
32 95 1
32 215 1
32 54 1
32 170 1
32 57 1
32 116 1
32 225 1
32 105 1
32 185 1
32 37 1
32 102 1
32 100 1
32 1 1
32 139 1
32 123 1
32 35 1
32 142 1
12 56 1
56 83 1
83 5 1
5 162 1
162 122 1
122 42 1
42 79 1
79 108 1
169 85 1
10 141 1
80 151 1
226 81 1
205 166 1
184 125 1
230 153 1
53 4 1
88 55 1
152 112 1
