230 229
186 76 1
186 180 1
186 130 1
186 90 1
76 137 1
76 7 1
76 199 1
76 144 1
76 176 1
76 63 1
76 209 1
76 23 1
76 161 1
76 165 1
180 58 1
137 163 1
137 39 1
137 17 1
137 146 1
130 193 1
130 83 1
130 189 1
130 14 1
7 157 1
7 38 1
193 72 1
193 229 1
199 142 1
199 96 1
199 228 1
199 129 1
199 42 1
199 230 1
144 25 1
144 110 1
144 40 1
144 216 1
144 52 1
58 177 1
58 162 1
58 221 1
58 227 1
58 108 1
157 202 1
157 226 1
157 8 1
177 203 1
25 132 1
25 37 1
203 11 1
203 109 1
203 94 1
203 16 1
203 191 1
203 61 1
132 148 1
132 98 1
132 116 1
132 120 1
176 5 1
176 10 1
162 104 1
148 190 1
163 158 1
163 117 1
163 51 1
163 112 1
63 67 1
63 88 1
142 214 1
39 127 1
39 53 1
96 145 1
96 1 1
228 200 1
228 201 1
129 219 1
129 140 1
129 169 1
129 185 1
219 21 1
219 32 1
83 206 1
83 65 1
83 69 1
83 126 1
189 217 1
206 138 1
206 168 1
206 197 1
229 46 1
229 89 1
229 171 1
11 121 1
11 28 1
214 103 1
214 79 1
42 164 1
109 223 1
21 74 1
21 41 1
40 134 1
40 211 1
94 81 1
94 18 1
32 188 1
32 119 1
16 3 1
16 55 1
16 152 1
16 54 1
216 170 1
81 184 1
81 213 1
81 20 1
81 125 1
81 71 1
221 136 1
221 95 1
191 179 1
116 143 1
145 166 1
136 29 1
134 115 1
158 135 1
158 48 1
104 73 1
184 70 1
184 44 1
184 192 1
227 99 1
103 160 1
103 24 1
230 123 1
190 13 1
190 56 1
190 27 1
74 105 1
188 149 1
117 128 1
149 66 1
226 49 1
61 15 1
61 111 1
20 82 1
46 118 1
55 208 1
29 78 1
201 212 1
15 196 1
111 4 1
49 198 1
135 205 1
23 194 1
160 47 1
160 2 1
160 60 1
208 30 1
99 34 1
99 19 1
212 215 1
205 204 1
70 31 1
70 84 1
67 210 1
14 113 1
14 68 1
196 80 1
13 155 1
13 220 1
4 77 1
4 154 1
48 35 1
48 174 1
48 57 1
48 106 1
48 156 1
48 131 1
48 107 1
48 195 1
48 150 1
48 85 1
48 178 1
48 124 1
48 147 1
48 224 1
48 153 1
48 187 1
48 87 1
48 167 1
48 36 1
48 218 1
48 183 1
78 182 1
5 92 1
171 172 1
105 26 1
172 59 1
54 22 1
28 133 1
38 86 1
133 50 1
133 122 1
133 64 1
143 100 1
66 151 1
18 207 1
207 225 1
207 97 1
225 101 1
101 181 1
181 159 1
159 102 1
102 114 1
114 91 1
91 141 1
141 62 1
62 6 1
6 12 1
12 75 1
75 45 1
45 33 1
33 9 1
9 173 1
173 222 1
173 93 1
222 43 1
43 175 1
153 139 1
