230 229
130 116 1
130 147 1
130 145 1
130 13 1
130 27 1
130 6 1
130 140 1
130 106 1
130 210 1
116 207 1
116 225 1
116 7 1
207 122 1
207 56 1
207 176 1
147 199 1
147 213 1
122 170 1
122 51 1
122 46 1
122 129 1
225 25 1
225 105 1
145 148 1
145 185 1
145 112 1
51 196 1
51 172 1
7 95 1
7 218 1
7 138 1
7 32 1
25 107 1
25 121 1
148 135 1
13 82 1
13 10 1
27 142 1
27 63 1
46 203 1
82 73 1
6 1 1
6 136 1
6 155 1
185 171 1
185 47 1
105 214 1
171 181 1
135 69 1
135 131 1
135 120 1
218 67 1
67 2 1
67 109 1
67 126 1
2 103 1
103 204 1
138 83 1
138 167 1
10 128 1
83 53 1
83 33 1
214 180 1
214 160 1
214 3 1
214 132 1
214 222 1
214 113 1
214 43 1
214 177 1
214 169 1
214 31 1
214 99 1
214 93 1
214 162 1
214 152 1
214 216 1
214 168 1
214 158 1
214 45 1
214 154 1
214 35 1
214 40 1
214 219 1
214 22 1
214 85 1
214 141 1
214 189 1
214 101 1
214 50 1
214 9 1
214 104 1
214 12 1
214 66 1
214 191 1
214 156 1
214 137 1
214 42 1
214 115 1
214 209 1
214 192 1
214 119 1
214 134 1
214 70 1
214 37 1
214 124 1
214 8 1
214 165 1
214 62 1
214 21 1
214 118 1
214 179 1
214 229 1
214 133 1
214 212 1
214 226 1
214 164 1
214 208 1
214 89 1
214 190 1
214 186 1
214 86 1
214 29 1
214 202 1
214 60 1
214 188 1
214 184 1
131 220 1
109 153 1
199 111 1
112 17 1
112 38 1
213 74 1
213 98 1
213 18 1
111 87 1
17 55 1
63 58 1
58 223 1
223 217 1
217 127 1
217 49 1
127 36 1
36 230 1
230 175 1
175 143 1
143 205 1
205 28 1
28 159 1
28 139 1
159 48 1
48 221 1
48 90 1
221 84 1
84 100 1
100 64 1
64 65 1
65 54 1
54 146 1
146 80 1
80 71 1
71 97 1
97 150 1
150 197 1
197 211 1
197 123 1
211 19 1
19 41 1
41 198 1
198 59 1
59 16 1
59 96 1
16 92 1
92 206 1
206 228 1
228 78 1
78 11 1
11 24 1
11 163 1
24 26 1
26 224 1
224 39 1
39 94 1
94 200 1
94 15 1
200 114 1
114 61 1
114 79 1
61 117 1
117 227 1
117 88 1
227 149 1
149 182 1
182 173 1
173 193 1
193 81 1
81 5 1
5 166 1
5 72 1
166 195 1
166 57 1
195 108 1
108 174 1
174 157 1
157 76 1
76 14 1
14 30 1
30 75 1
75 187 1
187 68 1
68 110 1
110 183 1
183 151 1
151 23 1
93 144 1
158 20 1
40 91 1
189 201 1
50 178 1
9 34 1
104 215 1
156 44 1
42 77 1
8 125 1
118 102 1
186 161 1
88 52 1
44 4 1
49 194 1
