6
50
455 797 124 592 145 270 389 734 191 371 191 580 61 114 46 383 446 642 131 449 253 686 332 676 338 570 232 471 376 453 291 588 135 303 438 650 71 256 16 348 201 399 458 650 142 351 437 873 257 346 85 536 161 475 81 145 417 774 426 774 229 383 337 364 290 467 158 501 381 489 23 45 318 405 322 422 452 777 347 520 417 484 350 811 139 474 150 495 225 664 83 163 417 871 413 745 144 552 138 440 
25
537
897
669
136
14
531
597
520
880
821
122
579
229
956
722
853
53
582
613
537
955
770
47
817
806

200
1105 1929 911 1697 427 799 938 1662 932 1428 334 466 998 1317 261 311 553 986 318 688 1148 2001 1234 2230 721 1228 441 500 207 924 130 970 618 1242 414 1200 1118 1732 944 1129 311 1399 552 1075 53 443 10 1140 658 862 1097 1794 1222 1898 833 1606 1085 1889 1020 1584 1025 1794 763 1436 51 408 256 523 1104 1350 205 545 1180 1733 466 1291 145 497 60 576 115 1162 834 1846 393 725 1178 2148 148 385 1042 1969 2 483 830 943 623 1768 121 1321 438 1364 765 1080 347 1432 1076 1117 1236 1790 648 1663 812 1416 168 1186 417 1651 80 379 231 917 354 1516 1004 1274 494 1493 1184 1968 719 1465 270 902 380 798 218 1431 883 2011 674 1045 703 704 1217 1415 241 1318 538 1435 293 1140 175 970 52 513 420 549 775 2002 518 593 1234 1606 1167 2201 186 807 221 1373 161 688 170 833 424 669 635 1622 847 1658 561 1022 161 1373 282 1170 249 1164 1087 1905 288 1257 976 1273 316 1024 870 1768 641 870 1108 1530 999 2030 651 714 1104 1994 1207 1210 462 1272 1023 1423 701 1613 224 483 261 1111 421 941 926 1069 671 1463 579 1272 769 1923 352 376 495 1294 786 1381 1110 1849 820 1281 333 580 258 836 913 2020 1125 1178 975 1746 1055 1216 844 880 372 785 519 608 725 1621 131 293 254 636 576 957 1176 2216 761 1869 1247 1688 1245 1760 609 1343 521 1675 1197 1870 752 1587 1165 2264 1199 2313 1137 1542 582 1295 332 1366 720 1814 484 598 371 529 156 1298 578 1117 823 1909 565 1666 765 1617 387 1556 872 1948 698 1223 1023 2088 665 1508 942 986 547 1360 482 1198 536 1681 714 1560 805 1380 657 889 1068 1223 1125 2362 896 1342 1120 2131 680 726 131 391 743 1234 341 1396 1037 1783 849 1461 1140 1803 931 1055 539 1218 267 826 770 1874 1111 1160 704 824 1085 1677 709 1715 612 944 325 1295 139 1111 487 602 137 1255 1119 1465 74 343 942 1715 721 1916 895 951 553 955 270 395 988 1723 647 1269 432 1403 
100
1962
1815
2355
2473
1130
382
447
2020
2052
439
1485
2298
2497
156
397
305
1757
1501
1456
2302
2012
959
1977
113
1038
1685
1836
823
889
2151
766
865
1903
1380
143
407
1279
199
2388
1702
2033
162
465
159
1246
1412
2370
600
2275
990
194
920
385
1449
1173
1822
1301
1494
2235
7
2282
1978
1398
866
620
1149
2013
318
1193
71
1783
1139
1315
691
2311
1385
1069
124
1658
1963
195
1028
819
1572
2145
1663
1260
1864
1763
1798
2438
169
1615
1803
606
817
1520
1386
1155
320

500
1 5000 5000 5000 211 1720 520 2664 2046 3914 867 3224 1812 2187 684 2322 1392 1921 2224 2938 502 2089 771 1718 864 2926 624 2755 1659 3885 328 2001 1208 3308 650 1658 2430 4924 882 1501 1838 2848 21 92 1810 1988 549 718 780 3116 1219 2486 2014 2297 365 1029 700 1908 1047 2616 106 992 1057 3313 836 1273 1290 3353 2212 3354 1589 3494 638 1096 2105 3514 320 2304 113 1121 933 3374 1213 2715 2180 3763 743 1199 1730 4188 1890 2976 236 899 471 1351 1852 3431 1028 2675 411 2327 1966 4228 1715 3766 2484 3062 731 1789 551 574 2304 3488 1255 2107 701 1101 1356 1442 1363 2974 968 1790 2438 4497 2078 2508 1539 1692 422 589 466 1063 40 577 1869 2018 340 427 984 1480 727 1104 2045 4007 2063 3079 508 2990 1337 1490 1531 2338 635 2941 827 1459 598 2684 1526 2821 1602 3754 546 783 533 1713 1496 3684 858 1096 2122 2375 870 2110 1915 4240 1206 1752 1709 4205 1481 1486 678 2484 1542 3939 591 898 1429 3257 2309 4542 722 1343 1790 4217 294 2524 2400 3496 618 885 218 2505 992 2650 416 1043 265 2088 328 352 285 954 963 3208 201 1825 435 2246 830 2906 1892 2703 1643 2146 222 1130 1801 3011 1732 3050 2165 4205 199 1582 2000 2893 890 2297 1418 3869 2366 2721 1036 3299 747 1085 735 1789 134 1095 1807 3653 1719 2812 2366 3063 1730 2014 118 2064 1257 3157 233 989 2385 3957 1886 3377 1966 4311 1891 2159 1838 3894 383 656 2366 3297 1858 3325 1508 2645 1796 3914 2001 4261 309 2252 714 1440 2172 3208 2463 4583 188 1684 2000 3460 1444 3709 448 1477 318 526 488 1781 1477 3002 2280 3087 2425 4637 2337 4291 1058 2665 2375 2494 1374 2952 2135 3978 2132 2925 2074 4407 1840 3078 2208 4655 1331 2026 63 110 1253 2780 2297 2320 2039 2740 2253 3747 456 520 658 1231 1984 2363 397 1975 880 1529 2304 3079 1057 2894 1649 2736 1754 2120 2218 4313 970 2963 2256 3616 1514 2654 1343 3436 1257 2679 1424 2552 607 2563 1798 2964 2087 3192 1591 2712 250 467 1114 2735 2448 4881 2177 4027 1547 3881 57 139 542 1453 336 1015 2179 3494 412 2260 1734 2114 2450 4167 30 2405 1737 4089 1827 2211 500 744 2262 2275 304 1086 920 2306 1070 2477 2373 3666 2178 2319 642 775 664 1791 935 1776 2084 2940 1499 1838 831 1093 57 1783 1320 2228 1451 2608 2221 4228 1294 2783 130 1055 18 693 1040 2352 1154 3466 972 1903 1836 2711 2007 4325 2497 4322 1025 2625 1595 4090 271 1284 2420 3335 1178 1508 1732 3336 882 1317 2148 2874 2404 4495 321 2488 1787 3954 2041 4450 874 3151 1952 3372 1583 2586 415 2554 2497 3810 2178 2505 1965 4169 275 2716 1767 3660 2233 3646 1843 1873 11 534 250 1598 2430 2852 658 2421 1917 2649 419 2526 2343 3041 146 197 580 632 2260 2811 1773 3566 2422 4448 523 2684 2151 3793 82 1582 716 1062 1695 3844 177 1929 2337 4836 2474 3242 200 2644 2336 2644 640 2063 1546 2022 1256 1628 116 265 1308 2912 2174 4417 2358 3783 2215 2700 1965 3802 1972 4194 2003 2738 660 2202 2489 2813 2175 3797 2261 2686 1907 4176 2160 2665 711 1975 1650 3559 1291 2659 1310 3617 649 3132 2173 2186 2474 3507 799 2383 596 1562 1853 4071 1896 2651 2130 2261 893 1934 1615 2819 247 1340 1039 1813 2263 2616 1928 3182 2180 2616 1996 4211 47 1266 2468 4472 2036 2547 439 2028 1768 3383 1652 3280 1323 3653 1241 3547 1327 2673 2216 4032 1861 1975 1980 3719 1388 2229 413 901 823 1619 573 2170 1727 2316 963 1669 997 3444 2014 4445 1296 3371 80 1660 2207 3711 1994 3941 807 2554 119 1424 1519 2281 2067 4267 1507 1818 2309 4550 273 310 1362 2409 1398 3853 2499 4747 170 1490 1339 3675 1171 3579 2389 4692 1636 3705 1920 3915 3 1501 664 1444 1555 2496 1301 3186 956 1540 1684 2865 1273 3296 1651 3093 668 3144 266 2219 42 1369 660 2434 671 1512 2343 4226 2188 3513 743 2013 480 1998 158 638 240 1704 2050 4168 1995 4477 1526 3752 1075 3148 1514 1972 2193 4297 901 2502 1330 3154 729 836 894 1204 2198 3482 2413 3496 1960 3584 601 2872 1595 2329 1319 2750 261 2452 1743 3373 583 2758 1031 2715 1670 2137 449 684 2021 2514 1852 1978 263 452 588 2935 1246 1631 1786 2594 2343 3500 2160 2281 610 1147 35 561 1203 1711 1590 2951 2051 2920 2414 3098 1641 2014 79 2572 172 1421 206 2344 2065 2490 619 3055 511 2361 959 1694 655 1996 2123 2264 1827 3201 1052 3068 1759 3471 2378 4232 602 1056 1215 2031 2107 3558 2240 3435 2176 3475 963 1502 2360 2963 1605 1822 1417 3033 549 2398 1921 2944 511 1352 854 994 778 1484 2458 2527 567 1752 520 842 1582 1659 69 108 1964 3555 1471 3088 2000 2395 564 2959 2376 2591 2292 3686 1231 1737 2052 3077 1964 2731 643 3026 638 2230 851 1972 915 2373 417 684 660 1230 691 2618 1555 2034 763 2510 2280 2915 376 1797 1182 3391 2160 4624 2097 4510 809 1218 69 727 2022 2410 1431 3216 2127 3696 2292 4545 613 2941 584 2905 72 569 2376 2722 1226 3298 1895 2897 572 2177 763 1134 201 1276 2284 3671 987 1708 1863 3929 1831 2589 401 2523 869 2887 1711 2554 1485 2231 1142 2690 976 1051 1856 3556 1254 2214 265 327 1302 2805 1661 3374 816 2835 1267 3067 1347 3778 
500
4147
1951
2934
3274
3984
4002
662
1790
3452
334
4143
4883
866
1659
3009
4310
1383
3362
4465
1184
1059
3688
3727
2182
1594
595
4355
2742
4114
4375
1993
3944
1526
286
891
3430
433
3210
1933
2562
3079
1880
1676
2755
4197
4243
3984
1939
3881
1546
3609
2695
2900
759
1197
1260
387
4229
3791
3267
4869
4733
3748
4776
4111
1469
2430
2197
3859
1262
2235
1230
615
16
4608
4809
4986
3388
3455
3508
313
4414
3321
418
3760
1085
1796
987
1444
3912
2868
2783
4077
4542
2024
3383
4504
2810
3564
2769
3282
289
3284
1518
2130
3010
4496
2185
2221
2298
338
294
3573
2704
124
4212
1139
1083
3159
4664
4841
2046
3839
4024
2956
4805
3666
3425
727
3040
983
4134
2435
249
3675
637
2290
4786
2814
4471
2627
4384
1468
3636
2647
1654
2312
2705
4578
2096
2603
1288
4877
2933
3034
257
905
4463
3286
418
2494
4707
804
1432
1457
1015
2340
1449
4460
581
3799
3424
2855
915
4338
1596
524
4867
1784
38
2400
2398
587
4669
2485
3072
1762
3903
2349
3832
2039
1822
4441
2623
591
2180
3328
4306
868
3245
4803
4301
488
4296
237
766
1295
2993
4671
2451
1583
4918
49
1306
3956
1812
4469
2323
244
4869
2542
2003
2577
16
3782
448
3933
1790
4972
2780
543
4052
3724
3472
779
1034
425
2750
1776
1471
846
2387
4043
1110
2250
23
2922
3185
3137
4506
1130
2064
335
1381
2793
2974
1663
754
1536
3601
2282
730
136
3860
3484
3993
1982
2866
4816
3695
3705
2889
4347
621
4623
769
3110
1874
3895
768
4653
898
250
35
3004
1178
3851
114
721
1746
2989
505
757
1135
588
4767
981
4372
4563
2333
3637
44
3869
4628
3379
3047
2711
3267
4105
1447
1346
4884
2116
3293
46
1618
2114
3453
250
2746
3224
4755
2337
1490
4529
3768
3142
3538
2123
4773
3976
2942
1932
3859
4224
3501
3378
1740
1359
3753
951
4065
2389
4219
2619
3617
3892
3826
76
2707
531
3744
4464
2041
3910
4777
1003
3721
851
137
4604
4056
1967
3809
801
37
2711
294
1683
2952
1147
3014
653
4709
1348
2855
662
1209
4038
4742
2878
2072
9
1281
3629
2664
2386
58
1710
4349
2998
1240
3482
1354
4334
147
4241
2001
405
4684
3716
2199
3111
727
4198
2671
2460
4966
137
4897
850
3659
1492
3999
3745
1385
1146
1364
799
2200
950
3625
2892
4451
4898
2805
3976
3976
2999
4129
3184
3539
2479
4213
2023
543
3078
4178
2545
3818
1855
453
267
3164
2283
253
3174
1028
4988
4569
3731
3647
647
3145
4112
3438
3816
2831
392
2570
3216
3473
3777
127
3345
3639
2511
1674
3346
4123
1414
3561
4925
2834
2548
4469
1630
3693
4173
4918
4799
2652
1688
4228
822
3784
4055
4461
1784
155
1372
4303
4782
2415
2526
1180
814
1127
2699
965

150
457 457 1166 1166 563 563 1013 2210 52 221 99 238 819 1338 931 1525 664 1094 908 910 873 1423 1141 2162 329 1320 663 1808 1201 1484 92 1155 995 1274 311 712 870 1952 57 68 487 1356 21 1014 154 497 1059 2030 627 1806 463 490 610 1156 320 910 434 468 359 1175 80 499 446 773 630 1835 411 1113 278 628 91 1310 774 1880 64 143 587 782 1175 1319 849 916 644 1412 48 665 1126 1703 658 993 17 855 805 1624 808 1862 542 1361 372 959 184 1157 295 1507 883 1568 407 540 848 1264 171 1123 544 1073 98 1118 622 1740 369 485 893 2090 506 1008 949 1637 554 696 1037 2183 743 1484 299 1324 79 1156 318 1248 339 546 908 1206 225 995 126 1000 1048 1103 550 1543 397 914 41 951 997 2101 1134 1825 724 1597 1116 2140 1 987 360 607 1234 1310 121 1135 688 1216 56 62 786 1652 251 1419 419 844 1105 1314 987 1232 216 1386 421 915 911 1620 292 1094 549 1303 920 1450 477 1183 990 1581 797 1950 843 2042 336 706 169 615 564 840 382 885 698 1240 181 928 237 1186 737 1312 471 1298 677 683 740 1978 397 1049 433 1127 517 1106 758 767 961 1313 79 262 446 1585 252 616 379 1459 655 1510 269 1052 976 2206 1119 1120 997 1879 165 652 748 1519 1243 1404 323 374 363 1387 544 1686 842 1067 840 2035 1190 2335 169 355 433 1627 1101 1119 1069 2265 442 1679 744 1599 343 550 1026 1757 313 1306 144 812 673 997 616 1850 1126 1460 980 1473 
80
457
1181
2317
689
350
185
1255
2179
1331
511
1714
1895
1002
169
1159
1647
334
869
1267
1374
482
879
1877
1745
2153
1780
1101
1855
24
588
1655
1288
773
747
1161
499
1465
1980
819
1828
1696
1302
301
1129
1405
1049
660
2279
1934
541
455
1145
2249
271
542
1829
8
2465
476
525
483
1150
753
590
2352
355
1018
1811
1825
77
1997
1561
50
41
1498
1674
1142
1403
1057
563

200
183 243 233 1371 887 1168 937 1834 217 826 267 1663 879 1221 929 1860 251 325 301 1412 843 1189 893 1844 902 1997 952 2248 71 299 121 1399 945 999 995 1749 376 961 426 1730 617 1085 667 1792 508 1743 558 2121 152 488 202 1494 352 632 402 1566 878 1575 928 2037 313 777 363 1638 577 979 627 1739 468 868 518 1684 877 2049 927 2274 893 1070 943 1785 488 642 538 1571 123 510 173 1505 787 963 837 1731 893 1949 943 2224 132 1349 182 1924 1106 1707 1156 2103 498 1474 548 1987 739 1166 789 1833 368 724 418 1612 537 1599 587 2049 309 950 359 1725 191 1355 241 1927 948 1995 998 2247 765 1725 815 2112 649 1332 699 1916 81 472 131 1486 705 1174 755 1837 405 1257 455 1878 132 695 182 1597 1100 2121 1150 2310 1169 1408 1219 1954 658 961 708 1730 1179 2361 1229 2430 663 964 713 1732 996 1034 1046 1767 687 1550 737 2025 724 1876 774 2188 339 382 389 1441 905 934 955 1717 474 1100 524 1800 607 1331 657 1915 485 1169 535 1834 1105 1690 1155 2095 1115 2130 1165 2315 48 483 98 1491 593 632 643 1566 401 1063 451 1781 185 771 235 1635 991 1697 1041 2098 898 1363 948 1931 759 1166 809 1833 425 1102 475 1801 1048 2204 1098 2352 874 2121 924 2310 43 384 93 1442 560 1638 610 2069 716 1827 766 2163 615 1781 665 2140 754 1450 804 1975 896 1079 946 1789 805 1871 855 2185 152 831 202 1665 854 1044 904 1772 1105 1328 1155 1914 1005 1659 1055 2079 1014 1629 1064 2064 196 1250 246 1875 216 748 266 1624 161 707 211 1603 776 1946 826 2223 117 645 167 1572 229 398 279 1449 889 902 939 1701 725 1150 775 1825 133 552 183 1526 331 523 381 1511 634 706 684 1603 289 988 339 1744 820 1598 870 2049 141 997 191 1748 905 1984 955 2242 565 1034 615 1767 1044 2189 1094 2344 788 1825 838 2162 826 1496 876 1998 597 1590 647 2045 125 147 175 1323 710 894 760 1697 1226 1242 1276 1871 534 1660 584 2080 
150
1191
389
561
475
1306
1798
1431
916
422
1532
888
2134
270
680
1944
1808
1211
485
834
1378
1619
1203
1120
810
2466
390
2394
2046
488
899
2403
2286
23
1778
1295
1175
2354
2384
30
978
279
745
2446
1575
770
1351
1038
718
2128
1817
234
938
268
930
302
894
953
122
996
427
668
559
203
403
929
364
628
519
928
944
539
174
838
944
183
1157
549
790
419
588
360
242
999
816
700
132
756
456
183
1151
1220
709
1230
714
1047
738
775
390
956
525
658
536
1156
1166
99
644
452
236
1042
949
810
476
1099
925
94
611
767
666
805
947
856
203
905
1156
1056
1065
247
267
212
827
168
280
940
776
184
382
685
340
871
192
956
616
1095
839
877
648
176
761
1277
585

150
730 1531 473 730 838 885 370 1143 166 1060 1006 1127 972 1675 1085 1955 1114 1237 173 676 74 1188 594 1259 1164 1356 182 939 402 928 876 1308 888 1765 839 847 907 1803 279 1482 1018 1873 13 554 749 1252 1130 2344 10 819 360 1419 417 489 660 1539 959 1270 1223 2282 210 1014 374 1290 791 1136 1186 1987 16 316 196 389 729 1174 946 1857 805 1495 876 1550 907 2141 721 1082 996 1671 25 477 830 1547 917 1810 135 1250 119 250 917 1577 203 387 977 1758 223 1432 116 596 82 955 717 934 805 1588 971 1799 469 652 305 1325 518 1119 256 887 1038 1765 1188 1698 443 780 203 1132 426 994 637 1730 34 678 1028 1717 1120 1654 1139 2364 132 290 857 1418 741 1130 1052 1814 385 1522 826 828 181 611 351 1150 237 700 516 1232 768 1981 861 1412 1061 2027 369 1288 451 1434 737 1336 391 809 572 817 492 1105 957 1199 88 311 272 858 1024 1777 976 2172 1180 1800 150 752 97 1056 111 862 72 463 1047 1874 1132 1984 1134 2115 6 741 214 281 692 1211 445 634 1193 2054 243 555 1128 1439 142 194 502 921 1111 1209 726 1495 31 576 1137 2100 1112 2006 1097 1374 874 1727 223 963 743 1421 88 92 1207 1599 1248 1558 104 465 70 417 100 982 1054 2095 55 775 1192 2289 1178 1641 848 1290 554 1204 577 1622 1060 1908 884 1482 1052 1571 1064 2188 171 360 1035 1850 1245 2278 3 128 1060 1683 31 1041 1055 1759 954 1569 852 1580 983 2230 799 1719 118 150 
80
730
536
918
163
902
1754
688
1857
1739
591
2002
414
165
322
1169
1278
1878
2326
886
2135
1029
2398
397
1425
2479
2333
2156
1312
720
1718
205
2293
834
1044
882
292
1083
1855
2344
423
1681
234
639
2384
1975
2290
324
472
2090
1869
208
824
2305
141
1889
1754
291
1456
327
154
400
931
967
1916
663
915
2480
1305
1083
2092
1534
1321
356
1762
1360
194
185
1322
837
1820

