6
10
33 54 44 51 10 12 47 86 36 36 36 84 7 13 22 33 35 79 35 63 
5
72
54
37
92
88

25
102 161 67 83 116 126 80 91 2 83 56 71 5 104 41 148 90 159 112 158 27 55 31 41 2 80 38 127 21 27 96 150 86 172 55 120 124 199 92 128 110 208 96 193 124 155 81 129 117 145 
25
112
15
33
90
89
17
166
46
98
215
216
235
65
157
112
42
233
17
179
109
78
88
243
225
186

50
1 500 500 500 212 265 164 251 176 289 35 163 109 209 35 167 153 268 225 469 135 188 90 246 191 289 1 137 89 268 207 375 82 118 44 76 122 163 100 316 50 234 21 180 42 77 163 244 175 271 237 305 48 55 24 99 83 170 45 282 121 161 131 358 225 409 88 280 49 113 169 399 163 353 192 280 195 388 46 264 81 320 167 270 192 377 193 255 228 369 114 145 43 66 13 121 1 140 132 192 
50
334
117
95
454
287
408
245
163
199
350
370
209
336
286
194
304
242
229
291
472
89
341
366
309
437
462
458
279
448
95
31
197
63
234
280
285
465
460
454
212
65
448
214
414
183
4
138
412
48
109

15
133 133 95 95 51 51 183 275 138 245 60 200 158 228 160 243 134 328 15 94 125 289 66 112 190 250 32 228 159 336 
8
133
220
123
311
78
292
378
51

20
110 126 160 263 58 70 108 235 156 287 206 343 163 222 213 311 145 145 195 272 188 269 238 334 4 177 54 288 173 352 223 376 167 296 217 348 46 64 96 232 
15
231
122
149
248
338
161
109
207
214
196
239
55
224
218
97

15
121 171 4 121 73 138 42 163 157 294 15 40 166 354 9 202 30 145 61 199 163 289 67 223 4 95 54 196 75 263 
8
121
45
62
129
28
126
57
79

