300 8
10 861425548 478230859 482637352 144272509 2261353 823729238 897395948 523832096 818492001 699642630
9 652231581 144272509 100780963 126614242 818492001 846885253 225437259 523832096 2261353
8 418554019 126614242 818492001 846885253 817077201 144272509 407608741 523832096
8 897395948 652231581 747144854 817077201 861425548 478230859 482637352 464680097
9 100780963 2261353 418554019 273878287 817077201 823729238 30437866 225437259 285970256
10 747144854 611178002 225437259 126614242 652231581 699642630 407608741 418554019 67760436 507069464
10 818492001 418554019 652231581 507069464 909925047 846885253 478230859 100780963 861425548 67760436
9 507069464 225437259 652231581 144272509 478230859 611178002 817077201 464680097 959191865
9 897395948 67760436 478230859 100780963 126614242 144272509 273878287 523832096 464680097
9 100780963 507069464 747144854 30437866 478230859 846885253 531969374 418554019 523832096
1 699642630
8 100780963 818492001 523832096 273878287 407608741 611178002 225437259 507069464
10 273878287 100780963 407608741 225437259 507069464 747144854 823729238 144272509 523832096 418554019
9 959191865 144272509 823729238 126614242 897395948 67760436 523832096 30437866 818492001
10 823729238 747144854 2261353 531969374 611178002 418554019 909925047 652231581 144272509 846885253
9 126614242 531969374 861425548 823729238 959191865 67760436 507069464 817077201 909925047
8 531969374 100780963 67760436 418554019 285970256 897395948 464680097 817077201
10 482637352 225437259 478230859 861425548 144272509 817077201 699642630 285970256 407608741 273878287
8 531969374 478230859 652231581 100780963 273878287 959191865 407608741 144272509
8 699642630 820096753 611178002 652231581 67760436 846885253 464680097 100780963
10 2261353 126614242 897395948 823729238 464680097 100780963 846885253 478230859 818492001 747144854
9 418554019 30437866 823729238 482637352 285970256 897395948 407608741 611178002 817077201
8 478230859 611178002 817077201 909925047 2261353 747144854 818492001 67760436
10 531969374 820096753 144272509 523832096 611178002 30437866 273878287 818492001 846885253 67760436
8 699642630 273878287 507069464 861425548 478230859 30437866 418554019 407608741
9 861425548 418554019 699642630 817077201 100780963 225437259 144272509 482637352 959191865
9 144272509 67760436 273878287 482637352 823729238 30437866 820096753 2261353 407608741
9 418554019 861425548 2261353 699642630 523832096 507069464 285970256 823729238 225437259
8 909925047 652231581 611178002 285970256 820096753 67760436 818492001 523832096
9 818492001 482637352 959191865 100780963 531969374 507069464 478230859 652231581 861425548
8 747144854 959191865 818492001 464680097 225437259 820096753 30437866 523832096
9 611178002 407608741 909925047 699642630 823729238 820096753 818492001 482637352 861425548
8 30437866 523832096 126614242 285970256 909925047 531969374 507069464 817077201
10 285970256 861425548 846885253 531969374 478230859 611178002 817077201 144272509 959191865 464680097
9 861425548 2261353 823729238 611178002 273878287 126614242 30437866 407608741 67760436
9 67760436 418554019 126614242 285970256 652231581 861425548 407608741 699642630 523832096
10 531969374 464680097 225437259 482637352 861425548 273878287 897395948 2261353 611178002 144272509
9 652231581 959191865 482637352 846885253 699642630 747144854 823729238 909925047 464680097
10 846885253 861425548 531969374 273878287 823729238 959191865 523832096 464680097 225437259 507069464
8 523832096 273878287 817077201 478230859 126614242 507069464 909925047 531969374
9 909925047 897395948 30437866 478230859 482637352 126614242 699642630 817077201 611178002
8 482637352 823729238 747144854 30437866 817077201 126614242 285970256 861425548
10 30437866 823729238 959191865 909925047 126614242 478230859 144272509 818492001 699642630 2261353
10 747144854 909925047 652231581 478230859 144272509 897395948 823729238 817077201 507069464 225437259
8 861425548 100780963 818492001 823729238 482637352 909925047 478230859 418554019
8 818492001 820096753 478230859 2261353 482637352 817077201 861425548 464680097
10 817077201 820096753 273878287 478230859 523832096 652231581 611178002 482637352 959191865 823729238
8 817077201 407608741 523832096 67760436 611178002 464680097 418554019 126614242
8 418554019 846885253 823729238 407608741 523832096 531969374 747144854 478230859
9 144272509 699642630 2261353 482637352 67760436 531969374 225437259 285970256 897395948
10 144272509 611178002 464680097 507069464 30437866 820096753 823729238 818492001 747144854 531969374
9 30437866 699642630 67760436 959191865 909925047 126614242 225437259 144272509 747144854
9 100780963 478230859 897395948 846885253 418554019 747144854 652231581 126614242 464680097
9 418554019 225437259 126614242 464680097 407608741 482637352 523832096 959191865 897395948
10 126614242 611178002 909925047 818492001 100780963 897395948 507069464 67760436 823729238 273878287
9 464680097 817077201 747144854 523832096 507069464 67760436 285970256 652231581 846885253
8 478230859 959191865 100780963 30437866 699642630 67760436 820096753 531969374
8 30437866 652231581 818492001 823729238 611178002 225437259 418554019 699642630
9 100780963 747144854 67760436 523832096 652231581 611178002 285970256 909925047 531969374
9 652231581 909925047 820096753 818492001 959191865 418554019 2261353 464680097 478230859
8 747144854 699642630 823729238 407608741 478230859 67760436 482637352 846885253
10 285970256 225437259 273878287 861425548 407608741 959191865 523832096 823729238 2261353 817077201
8 699642630 652231581 523832096 144272509 273878287 100780963 846885253 30437866
8 897395948 959191865 126614242 2261353 531969374 273878287 67760436 817077201
10 273878287 531969374 817077201 30437866 818492001 478230859 418554019 846885253 67760436 523832096
9 407608741 747144854 861425548 818492001 273878287 30437866 699642630 823729238 817077201
8 861425548 30437866 652231581 144272509 523832096 817077201 418554019 897395948
8 100780963 507069464 30437866 823729238 817077201 407608741 285970256 418554019
10 482637352 144272509 861425548 846885253 464680097 2261353 507069464 817077201 523832096 699642630
10 418554019 30437866 225437259 861425548 897395948 699642630 818492001 273878287 523832096 144272509
10 959191865 652231581 478230859 2261353 747144854 100780963 273878287 846885253 285970256 818492001
10 464680097 817077201 285970256 67760436 846885253 959191865 418554019 100780963 273878287 507069464
8 418554019 699642630 30437866 407608741 478230859 482637352 959191865 747144854
9 652231581 126614242 897395948 747144854 817077201 2261353 144272509 407608741 818492001
10 818492001 699642630 823729238 531969374 67760436 285970256 909925047 959191865 144272509 507069464
10 407608741 747144854 418554019 523832096 817077201 820096753 846885253 531969374 225437259 67760436
10 611178002 531969374 100780963 861425548 652231581 30437866 407608741 909925047 507069464 464680097
8 67760436 100780963 464680097 285970256 747144854 909925047 699642630 897395948
10 817077201 273878287 100780963 478230859 126614242 482637352 531969374 909925047 464680097 747144854
9 100780963 523832096 652231581 611178002 67760436 817077201 897395948 464680097 478230859
9 959191865 652231581 126614242 699642630 523832096 2261353 67760436 225437259 531969374
10 126614242 531969374 959191865 464680097 285970256 418554019 144272509 747144854 699642630 482637352
8 823729238 531969374 273878287 909925047 897395948 652231581 67760436 30437866
10 285970256 652231581 820096753 959191865 531969374 846885253 100780963 67760436 747144854 418554019
9 817077201 818492001 699642630 126614242 861425548 464680097 273878287 478230859 418554019
8 861425548 126614242 699642630 482637352 225437259 285970256 67760436 611178002
10 144272509 478230859 818492001 273878287 418554019 611178002 225437259 464680097 100780963 959191865
9 418554019 2261353 531969374 861425548 959191865 464680097 67760436 478230859 126614242
8 225437259 846885253 699642630 818492001 67760436 126614242 2261353 817077201
10 30437866 699642630 273878287 846885253 464680097 531969374 482637352 225437259 285970256 861425548
8 611178002 144272509 823729238 478230859 225437259 482637352 699642630 30437866
8 699642630 67760436 2261353 818492001 897395948 820096753 144272509 652231581
8 478230859 418554019 523832096 611178002 30437866 699642630 531969374 820096753
9 897395948 2261353 817077201 144272509 611178002 523832096 823729238 100780963 820096753
9 818492001 861425548 407608741 909925047 273878287 144272509 225437259 897395948 820096753
10 2261353 747144854 273878287 418554019 846885253 699642630 482637352 897395948 531969374 285970256
8 611178002 30437866 823729238 478230859 67760436 507069464 407608741 959191865
10 100780963 611178002 507069464 523832096 407608741 2261353 273878287 464680097 818492001 823729238
10 531969374 652231581 959191865 478230859 818492001 909925047 285970256 67760436 861425548 820096753
8 747144854 407608741 285970256 611178002 2261353 897395948 909925047 100780963
10 507069464 861425548 482637352 611178002 820096753 523832096 2261353 846885253 418554019 823729238
10 478230859 285970256 846885253 144272509 652231581 100780963 531969374 909925047 823729238 482637352
9 611178002 747144854 699642630 285970256 652231581 531969374 482637352 820096753 818492001
8 747144854 418554019 817077201 861425548 407608741 126614242 100780963 523832096
9 285970256 482637352 100780963 823729238 699642630 30437866 225437259 861425548 820096753
10 523832096 652231581 747144854 2261353 30437866 464680097 100780963 285970256 144272509 817077201
8 507069464 699642630 100780963 482637352 861425548 407608741 285970256 820096753
8 611178002 817077201 2261353 823729238 897395948 523832096 482637352 407608741
9 507069464 531969374 482637352 652231581 2261353 100780963 818492001 144272509 823729238
8 482637352 652231581 285970256 823729238 747144854 30437866 909925047 846885253
9 846885253 507069464 652231581 699642630 909925047 30437866 611178002 820096753 747144854
9 30437866 747144854 531969374 823729238 126614242 464680097 285970256 482637352 507069464
9 817077201 846885253 959191865 482637352 523832096 100780963 67760436 144272509 820096753
10 126614242 30437866 820096753 861425548 67760436 818492001 407608741 959191865 611178002 2261353
10 531969374 464680097 861425548 273878287 285970256 909925047 897395948 30437866 100780963 652231581
8 823729238 747144854 273878287 897395948 67760436 100780963 407608741 144272509
9 464680097 823729238 817077201 126614242 273878287 959191865 225437259 2261353 407608741
10 507069464 523832096 273878287 823729238 225437259 652231581 909925047 531969374 407608741 747144854
10 523832096 818492001 699642630 100780963 225437259 909925047 747144854 959191865 2261353 30437866
9 611178002 507069464 747144854 846885253 144272509 273878287 817077201 464680097 897395948
1 523832096
9 100780963 478230859 652231581 482637352 818492001 523832096 897395948 30437866 823729238
10 407608741 523832096 2261353 100780963 285970256 959191865 897395948 30437866 817077201 846885253
8 100780963 846885253 30437866 820096753 523832096 818492001 67760436 531969374
9 652231581 418554019 30437866 611178002 507069464 407608741 699642630 817077201 478230859
8 285970256 909925047 747144854 144272509 699642630 531969374 846885253 818492001
10 652231581 747144854 225437259 818492001 482637352 699642630 846885253 861425548 478230859 507069464
9 820096753 144272509 67760436 2261353 531969374 507069464 285970256 30437866 817077201
9 100780963 817077201 652231581 407608741 464680097 531969374 2261353 482637352 225437259
10 2261353 225437259 699642630 464680097 407608741 909925047 818492001 820096753 273878287 285970256
10 144272509 861425548 531969374 820096753 225437259 818492001 478230859 699642630 897395948 67760436
1 909925047
10 611178002 523832096 273878287 478230859 407608741 507069464 285970256 897395948 861425548 2261353
10 652231581 861425548 531969374 418554019 747144854 67760436 225437259 464680097 611178002 273878287
9 861425548 418554019 846885253 817077201 478230859 100780963 225437259 699642630 285970256
8 820096753 699642630 959191865 464680097 273878287 67760436 100780963 531969374
10 478230859 523832096 817077201 225437259 897395948 285970256 273878287 959191865 482637352 2261353
8 818492001 652231581 418554019 507069464 464680097 531969374 611178002 523832096
9 818492001 478230859 2261353 861425548 126614242 100780963 531969374 652231581 823729238
8 820096753 531969374 273878287 407608741 523832096 897395948 959191865 611178002
10 100780963 820096753 407608741 531969374 2261353 225437259 464680097 817077201 823729238 818492001
9 507069464 959191865 225437259 126614242 482637352 67760436 478230859 818492001 30437866
10 820096753 611178002 100780963 482637352 747144854 464680097 285970256 897395948 273878287 2261353
9 482637352 861425548 820096753 747144854 464680097 531969374 126614242 909925047 897395948
10 611178002 30437866 67760436 418554019 861425548 126614242 478230859 273878287 100780963 652231581
9 482637352 144272509 818492001 478230859 817077201 959191865 126614242 909925047 652231581
10 897395948 747144854 482637352 531969374 959191865 652231581 100780963 699642630 144272509 861425548
9 820096753 861425548 531969374 818492001 285970256 418554019 30437866 611178002 507069464
8 652231581 861425548 817077201 482637352 126614242 531969374 100780963 611178002
8 909925047 820096753 699642630 507069464 652231581 897395948 464680097 126614242
10 482637352 531969374 144272509 100780963 285970256 861425548 507069464 897395948 820096753 959191865
9 909925047 418554019 30437866 959191865 652231581 100780963 225437259 747144854 407608741
9 817077201 478230859 126614242 897395948 285970256 523832096 820096753 611178002 959191865
8 67760436 126614242 273878287 407608741 531969374 523832096 144272509 823729238
9 100780963 531969374 225437259 820096753 699642630 464680097 861425548 507069464 909925047
9 523832096 285970256 747144854 823729238 652231581 100780963 418554019 30437866 144272509
9 418554019 820096753 478230859 909925047 30437866 747144854 285970256 273878287 225437259
9 478230859 817077201 67760436 820096753 823729238 699642630 846885253 818492001 861425548
9 817077201 418554019 478230859 823729238 897395948 959191865 144272509 523832096 652231581
9 652231581 523832096 861425548 846885253 144272509 818492001 407608741 959191865 418554019
9 285970256 507069464 407608741 699642630 959191865 846885253 611178002 861425548 225437259
10 464680097 285970256 144272509 823729238 611178002 861425548 30437866 820096753 100780963 418554019
10 531969374 823729238 30437866 897395948 507069464 225437259 464680097 126614242 959191865 652231581
10 507069464 747144854 67760436 861425548 818492001 611178002 464680097 482637352 407608741 285970256
10 897395948 478230859 818492001 611178002 959191865 407608741 747144854 699642630 507069464 817077201
9 823729238 464680097 126614242 897395948 959191865 100780963 820096753 611178002 482637352
10 67760436 523832096 897395948 747144854 225437259 482637352 464680097 861425548 30437866 144272509
8 699642630 897395948 2261353 67760436 285970256 464680097 126614242 861425548
9 482637352 418554019 126614242 823729238 478230859 846885253 652231581 225437259 507069464
10 818492001 418554019 652231581 273878287 407608741 846885253 699642630 523832096 861425548 30437866
9 2261353 820096753 478230859 144272509 699642630 407608741 861425548 285970256 897395948
8 846885253 818492001 699642630 418554019 100780963 817077201 820096753 652231581
8 531969374 144272509 846885253 699642630 823729238 897395948 464680097 126614242
10 699642630 144272509 523832096 823729238 126614242 407608741 67760436 418554019 652231581 482637352
8 818492001 523832096 478230859 67760436 2261353 699642630 30437866 144272509
8 407608741 126614242 823729238 611178002 100780963 652231581 273878287 464680097
10 959191865 897395948 523832096 909925047 126614242 699642630 846885253 861425548 30437866 478230859
9 909925047 523832096 861425548 897395948 225437259 611178002 100780963 126614242 144272509
9 846885253 531969374 652231581 407608741 67760436 959191865 820096753 523832096 482637352
10 846885253 100780963 823729238 407608741 523832096 67760436 464680097 699642630 652231581 273878287
9 507069464 820096753 531969374 30437866 747144854 67760436 652231581 959191865 909925047
9 285970256 820096753 531969374 747144854 2261353 507069464 699642630 823729238 30437866
8 820096753 285970256 531969374 126614242 273878287 909925047 30437866 523832096
10 407608741 464680097 747144854 126614242 30437866 820096753 523832096 846885253 699642630 273878287
10 285970256 909925047 820096753 823729238 418554019 611178002 144272509 699642630 464680097 407608741
10 959191865 820096753 418554019 523832096 2261353 909925047 126614242 699642630 478230859 817077201
10 652231581 699642630 507069464 285970256 67760436 126614242 817077201 464680097 820096753 747144854
10 817077201 909925047 100780963 2261353 285970256 273878287 464680097 846885253 144272509 823729238
10 507069464 818492001 846885253 531969374 959191865 611178002 478230859 482637352 67760436 820096753
8 747144854 407608741 897395948 30437866 126614242 652231581 273878287 100780963
9 861425548 478230859 464680097 273878287 699642630 418554019 100780963 820096753 30437866
10 144272509 464680097 861425548 823729238 273878287 818492001 30437866 699642630 418554019 225437259
10 126614242 531969374 611178002 897395948 67760436 418554019 818492001 523832096 100780963 285970256
9 818492001 418554019 407608741 699642630 531969374 225437259 861425548 478230859 820096753
10 144272509 846885253 818492001 611178002 225437259 273878287 699642630 523832096 482637352 126614242
8 418554019 652231581 611178002 407608741 846885253 273878287 67760436 959191865
8 747144854 100780963 699642630 478230859 507069464 273878287 126614242 823729238
9 478230859 611178002 846885253 285970256 959191865 67760436 820096753 817077201 225437259
10 100780963 909925047 747144854 2261353 30437866 699642630 478230859 818492001 285970256 823729238
9 531969374 478230859 507069464 225437259 611178002 523832096 2261353 144272509 407608741
10 652231581 482637352 823729238 820096753 959191865 30437866 523832096 531969374 909925047 747144854
9 699642630 100780963 823729238 144272509 30437866 747144854 861425548 611178002 818492001
8 861425548 478230859 482637352 747144854 507069464 818492001 523832096 611178002
10 909925047 225437259 897395948 285970256 523832096 846885253 482637352 100780963 823729238 144272509
9 507069464 273878287 820096753 30437866 747144854 2261353 861425548 699642630 482637352
9 2261353 507069464 482637352 531969374 959191865 478230859 611178002 464680097 909925047
9 818492001 699642630 523832096 817077201 30437866 959191865 909925047 652231581 67760436
9 909925047 820096753 817077201 523832096 652231581 897395948 531969374 126614242 273878287
9 652231581 225437259 611178002 285970256 100780963 817077201 273878287 523832096 909925047
9 482637352 817077201 747144854 100780963 820096753 611178002 846885253 507069464 818492001
9 407608741 652231581 67760436 523832096 611178002 464680097 30437866 818492001 418554019
9 67760436 478230859 273878287 126614242 861425548 30437866 820096753 818492001 100780963
10 531969374 846885253 273878287 823729238 611178002 507069464 478230859 482637352 959191865 818492001
10 144272509 285970256 225437259 611178002 67760436 531969374 523832096 2261353 478230859 126614242
10 2261353 67760436 611178002 100780963 273878287 823729238 846885253 817077201 126614242 225437259
9 482637352 699642630 897395948 909925047 273878287 959191865 67760436 823729238 418554019
10 407608741 959191865 225437259 507069464 144272509 747144854 823729238 861425548 418554019 897395948
10 959191865 747144854 407608741 2261353 464680097 30437866 482637352 652231581 909925047 897395948
8 464680097 100780963 823729238 225437259 959191865 30437866 418554019 523832096
9 959191865 418554019 652231581 30437866 818492001 846885253 285970256 225437259 67760436
10 2261353 100780963 817077201 30437866 818492001 699642630 959191865 523832096 531969374 418554019
8 959191865 818492001 611178002 823729238 846885253 2261353 507069464 126614242
9 273878287 464680097 225437259 482637352 478230859 897395948 820096753 699642630 407608741
10 861425548 507069464 747144854 823729238 144272509 531969374 523832096 611178002 817077201 699642630
9 482637352 817077201 30437866 823729238 611178002 273878287 464680097 909925047 285970256
10 2261353 897395948 909925047 820096753 818492001 464680097 817077201 407608741 959191865 482637352
8 897395948 464680097 478230859 67760436 818492001 823729238 100780963 30437866
9 817077201 699642630 407608741 100780963 846885253 909925047 273878287 747144854 126614242
10 126614242 897395948 285970256 747144854 464680097 699642630 818492001 273878287 959191865 820096753
10 652231581 478230859 507069464 144272509 464680097 823729238 418554019 817077201 846885253 225437259
10 820096753 144272509 507069464 407608741 523832096 482637352 100780963 225437259 818492001 959191865
10 897395948 817077201 823729238 523832096 418554019 531969374 407608741 144272509 478230859 909925047
8 100780963 126614242 747144854 959191865 652231581 897395948 823729238 531969374
9 823729238 126614242 611178002 861425548 959191865 100780963 818492001 652231581 67760436
9 285970256 611178002 909925047 273878287 144272509 418554019 478230859 407608741 823729238
8 144272509 611178002 523832096 482637352 2261353 285970256 959191865 818492001
8 225437259 273878287 531969374 817077201 30437866 523832096 100780963 747144854
8 273878287 699642630 611178002 126614242 523832096 464680097 846885253 747144854
9 407608741 861425548 144272509 30437866 67760436 100780963 897395948 909925047 823729238
8 67760436 817077201 823729238 861425548 611178002 482637352 652231581 820096753
9 820096753 126614242 611178002 652231581 817077201 507069464 747144854 30437866 909925047
8 823729238 126614242 418554019 67760436 861425548 611178002 273878287 818492001
8 823729238 285970256 652231581 126614242 817077201 464680097 531969374 100780963
8 652231581 611178002 285970256 531969374 818492001 273878287 482637352 507069464
9 818492001 747144854 418554019 959191865 699642630 478230859 823729238 909925047 407608741
9 478230859 482637352 67760436 959191865 897395948 861425548 126614242 909925047 407608741
10 817077201 482637352 818492001 2261353 507069464 407608741 846885253 823729238 464680097 478230859
9 100780963 144272509 507069464 820096753 817077201 67760436 823729238 30437866 2261353
10 652231581 820096753 67760436 846885253 897395948 823729238 478230859 285970256 747144854 909925047
8 507069464 897395948 482637352 67760436 531969374 225437259 817077201 909925047
8 523832096 507069464 846885253 861425548 820096753 418554019 482637352 909925047
9 523832096 611178002 478230859 652231581 273878287 897395948 507069464 2261353 100780963
10 897395948 823729238 418554019 507069464 482637352 285970256 861425548 67760436 699642630 611178002
10 464680097 823729238 273878287 611178002 126614242 817077201 482637352 30437866 699642630 478230859
8 126614242 817077201 464680097 30437866 144272509 273878287 861425548 820096753
9 100780963 478230859 531969374 820096753 67760436 126614242 909925047 817077201 30437866
10 478230859 285970256 523832096 959191865 747144854 407608741 846885253 30437866 100780963 225437259
10 747144854 507069464 273878287 407608741 823729238 909925047 531969374 285970256 126614242 820096753
8 144272509 67760436 225437259 507069464 478230859 611178002 2261353 909925047
10 464680097 747144854 273878287 909925047 846885253 897395948 818492001 478230859 959191865 482637352
10 464680097 2261353 478230859 418554019 285970256 144272509 273878287 482637352 225437259 523832096
8 747144854 507069464 225437259 523832096 478230859 820096753 285970256 909925047
9 418554019 652231581 30437866 285970256 817077201 959191865 482637352 747144854 909925047
9 407608741 747144854 909925047 531969374 478230859 418554019 897395948 482637352 144272509
9 126614242 482637352 531969374 2261353 747144854 817077201 225437259 407608741 144272509
8 897395948 817077201 611178002 861425548 407608741 823729238 959191865 273878287
9 818492001 897395948 652231581 30437866 225437259 2261353 817077201 959191865 531969374
9 820096753 507069464 861425548 699642630 478230859 100780963 652231581 30437866 273878287
9 820096753 2261353 225437259 464680097 126614242 611178002 652231581 897395948 823729238
10 909925047 611178002 100780963 747144854 225437259 30437866 823729238 464680097 482637352 2261353
10 464680097 225437259 699642630 144272509 747144854 523832096 652231581 818492001 846885253 67760436
8 2261353 652231581 507069464 285970256 747144854 846885253 126614242 464680097
9 747144854 909925047 846885253 818492001 507069464 273878287 67760436 820096753 285970256
9 30437866 482637352 823729238 67760436 285970256 225437259 818492001 144272509 747144854
10 611178002 846885253 897395948 67760436 100780963 273878287 699642630 478230859 861425548 482637352
8 67760436 482637352 820096753 285970256 823729238 652231581 959191865 100780963
8 523832096 464680097 407608741 846885253 2261353 100780963 285970256 817077201
10 959191865 100780963 817077201 30437866 823729238 273878287 747144854 418554019 820096753 144272509
8 407608741 699642630 464680097 897395948 100780963 652231581 67760436 959191865
9 2261353 523832096 846885253 507069464 273878287 611178002 909925047 861425548 464680097
9 820096753 846885253 699642630 67760436 225437259 478230859 100780963 30437866 611178002
10 846885253 225437259 699642630 817077201 507069464 818492001 67760436 959191865 531969374 652231581
10 611178002 823729238 418554019 909925047 523832096 126614242 846885253 482637352 652231581 464680097
9 611178002 652231581 846885253 531969374 407608741 747144854 482637352 100780963 861425548
9 523832096 747144854 407608741 959191865 652231581 225437259 100780963 820096753 482637352
9 820096753 959191865 273878287 126614242 823729238 747144854 846885253 897395948 285970256
10 861425548 407608741 611178002 846885253 820096753 507069464 523832096 482637352 531969374 699642630
9 225437259 464680097 846885253 817077201 652231581 478230859 2261353 897395948 30437866
9 747144854 818492001 817077201 67760436 861425548 225437259 2261353 846885253 820096753
8 523832096 861425548 285970256 482637352 2261353 225437259 418554019 747144854
10 30437866 482637352 523832096 285970256 823729238 846885253 478230859 225437259 699642630 747144854
8 126614242 523832096 273878287 959191865 285970256 611178002 482637352 2261353
9 407608741 144272509 507069464 747144854 2261353 959191865 818492001 418554019 285970256
9 285970256 126614242 482637352 699642630 464680097 2261353 418554019 67760436 144272509
10 478230859 507069464 959191865 823729238 818492001 747144854 126614242 652231581 909925047 2261353
9 273878287 464680097 747144854 817077201 861425548 407608741 144272509 507069464 909925047
8 861425548 523832096 823729238 652231581 67760436 818492001 482637352 820096753
9 482637352 523832096 747144854 897395948 464680097 100780963 531969374 273878287 823729238
8 523832096 67760436 820096753 861425548 846885253 30437866 100780963 747144854
8 747144854 482637352 959191865 823729238 652231581 464680097 418554019 478230859
