100 2000
75 58 82126
75 20 29876
75 61 40398
75 95 90568
75 82 62566
75 88 53964
75 71 3121
75 90 62517
75 69 81657
75 85 15213
75 73 66668
75 94 24843
75 59 96649
75 49 27939
75 78 41481
75 89 97023
75 77 52534
75 27 10680
75 53 90424
75 38 42062
75 29 61863
75 64 9585
75 50 3962
75 99 61707
75 91 22870
75 63 13618
75 31 72436
75 74 77934
75 84 27770
75 46 1522
75 9 69782
75 40 79362
75 14 22192
75 92 82909
75 1 90353
75 70 96881
75 76 93133
75 7 21081
75 83 72900
75 51 43462
75 44 46061
75 79 5922
58 3 51195
58 95 46562
58 82 3346
58 30 93221
58 36 88805
58 69 68323
58 85 33872
58 8 428
58 78 48559
58 54 95458
58 77 48381
58 39 88392
58 27 7103
58 48 39252
58 96 91592
58 93 63822
58 87 17171
58 80 14687
58 38 8079
58 98 85614
58 28 67164
58 29 6708
58 64 65290
58 50 54077
58 18 33721
58 12 10709
58 62 5547
58 5 16405
58 91 27798
58 74 3415
58 42 74042
58 11 52161
58 9 52329
58 40 24567
58 17 40600
58 97 41795
58 92 51021
58 1 42771
58 7 52221
58 15 49659
58 83 88757
58 51 84086
20 2 11574
20 95 77124
20 86 32907
20 73 56533
20 89 22972
20 39 45174
20 48 87190
20 87 70269
20 80 86312
20 65 45893
20 98 5194
20 25 23419
20 29 95508
20 21 24247
20 33 26805
20 50 13248
20 18 83625
20 34 68571
20 12 60261
20 55 41504
20 91 22233
20 63 58904
20 57 19862
20 74 77709
20 100 6698
20 46 71438
20 37 69747
20 9 98167
20 22 42762
20 40 85077
20 17 13734
20 92 1684
20 1 96917
20 76 70282
20 7 40231
20 83 59526
20 44 62202
20 79 22940
61 95 61680
61 36 18378
61 90 28637
61 69 39178
61 85 87220
61 26 6933
61 73 40441
61 94 31092
61 8 67413
61 78 52589
61 54 77931
61 77 46148
61 52 54776
61 13 14611
61 65 70783
61 38 78331
61 19 66299
61 25 30309
61 34 53911
61 62 83132
61 5 69422
61 67 91354
61 74 47768
61 100 24039
61 42 86006
61 11 34214
61 46 5089
61 37 591
61 22 15322
61 17 3045
61 14 51535
61 92 77370
61 23 4583
61 72 70777
61 83 604
61 51 36983
61 43 34810
61 44 57817
61 79 90655
2 3 33325
2 82 13668
2 30 80549
2 90 36381
2 85 26191
2 73 11856
2 8 50157
2 78 87768
2 89 45048
2 77 31100
2 39 18880
2 52 98046
2 48 13500
2 96 18577
2 13 2398
2 93 58100
2 65 6179
2 47 33086
2 68 88252
2 64 79822
2 62 58200
2 35 3266
2 55 26943
2 91 48087
2 74 69886
2 9 71107
2 17 14605
2 97 4041
2 1 16049
2 23 19754
2 15 50755
2 72 42566
2 51 41839
3 95 93657
3 82 1258
3 88 19144
3 71 69071
3 90 35212
3 81 96517
3 86 84195
3 85 4395
3 73 1519
3 94 43306
3 24 63927
3 66 16772
3 78 50238
3 10 4495
3 16 71791
3 27 94022
3 48 24163
3 96 69701
3 53 72834
3 80 6488
3 65 99742
3 98 28019
3 68 43644
3 28 91817
3 29 13871
3 64 49731
3 21 69797
3 50 60132
3 4 65571
3 99 78240
3 5 45379
3 67 28954
3 35 99580
3 31 47561
3 41 42953
3 100 84746
3 46 51545
3 17 85850
3 97 25469
3 14 4171
3 7 6697
3 23 32087
3 15 85555
3 72 0
3 51 17677
3 79 14414
95 82 99108
95 36 29278
95 88 66245
95 71 98966
95 81 25647
95 86 8252
95 73 76655
95 24 30546
95 59 48847
95 6 24529
95 8 99838
95 54 37975
95 39 33833
95 48 77403
95 96 89175
95 93 54845
95 87 57130
95 65 97172
95 47 78926
95 64 63582
95 21 83798
95 33 61129
95 50 8098
95 18 53712
95 34 69634
95 67 55229
95 63 22703
95 57 38394
95 31 26496
95 56 25720
95 74 65826
95 42 26790
95 11 54672
95 9 75016
95 40 51588
95 92 14257
95 23 55758
95 72 83076
95 32 27412
82 90 73374
82 26 1067
82 49 62511
82 78 37335
82 10 60684
82 16 88367
82 77 22958
82 52 86060
82 96 5811
82 80 25482
82 65 92356
82 38 21347
82 47 57898
82 68 87594
82 19 34712
82 25 13577
82 29 24091
82 21 62308
82 50 56320
82 99 23133
82 67 15654
82 55 4610
82 91 82834
82 57 99186
82 31 88856
82 56 32158
82 100 44101
82 11 49563
82 84 70933
82 46 53891
82 9 16174
82 14 12983
82 7 54558
82 72 95574
82 43 7790
82 32 42856
30 36 77473
30 88 66914
30 71 33824
30 60 84185
30 85 11035
30 8 86444
30 78 93919
30 39 83131
30 96 33857
30 13 81452
30 93 36060
30 87 57388
30 80 52960
30 68 96582
30 28 32888
30 29 19593
30 64 35585
30 45 47124
30 18 59915
30 4 97837
30 99 81523
30 5 1205
30 63 50720
30 41 61744
30 74 40355
30 100 55147
30 42 16693
30 84 42810
30 46 55220
30 97 69216
30 14 98685
30 92 57251
30 1 58681
30 70 36806
30 76 62940
30 7 15163
30 43 39135
36 71 64597
36 90 49892
36 86 32192
36 85 79751
36 73 19639
36 94 46636
36 24 44677
36 59 85249
36 6 53184
36 66 51598
36 8 23648
36 10 20502
36 16 4587
36 52 19227
36 27 31549
36 48 54403
36 65 44933
36 47 13689
36 19 73771
36 64 27961
36 45 94369
36 33 60508
36 12 78503
36 99 77109
36 5 27646
36 35 11380
36 57 66596
36 56 1898
36 100 85071
36 22 22400
36 40 42774
36 17 67406
36 14 38646
36 7 734
36 51 53709
36 43 20521
36 32 8193
36 79 61962
88 90 68808
88 60 72525
88 86 41756
88 59 62858
88 78 98027
88 10 70733
88 16 40090
88 39 91357
88 52 97393
88 96 41624
88 87 35473
88 98 90020
88 19 71926
88 33 2478
88 12 56012
88 99 44719
88 67 53129
88 35 12641
88 91 50369
88 63 12462
88 57 17150
88 31 39609
88 42 1050
88 84 11094
88 46 11049
88 22 24974
88 92 55863
88 70 67682
88 15 97277
88 72 67171
88 32 28058
71 90 70651
71 60 34997
71 86 79511
71 6 96070
71 10 21430
71 39 9807
71 96 71028
71 13 65828
71 53 25256
71 38 49965
71 47 25656
71 19 38896
71 64 3741
71 45 28891
71 50 45095
71 34 66774
71 5 41959
71 67 20109
71 41 19572
71 42 32786
71 11 62634
71 46 36833
71 37 55385
71 40 96269
71 17 9409
71 92 83774
71 1 89604
71 83 80330
71 44 92619
90 81 80258
90 85 6659
90 73 55777
90 94 34475
90 24 14232
90 66 62823
90 8 24234
90 78 26104
90 77 26233
90 93 26321
90 53 9944
90 80 56522
90 47 9820
90 25 67742
90 64 6143
90 21 25029
90 33 78280
90 18 40822
90 4 92514
90 12 91678
90 62 26154
90 99 53983
90 67 49240
90 35 12014
90 55 40288
90 57 31628
90 41 35756
90 42 74183
90 11 62552
90 9 27758
90 40 46598
90 14 51132
90 1 3095
90 70 95319
90 76 47560
90 7 9927
90 15 7387
90 83 2948
90 51 13753
90 32 12389
90 79 19184
81 86 10402
81 69 63309
81 73 99248
81 6 31898
81 89 39358
81 16 87268
81 77 97826
81 39 59424
81 52 79832
81 13 405
81 38 52
81 47 94572
81 68 41009
81 19 68017
81 28 53640
81 64 47620
81 12 67730
81 62 62550
81 99 54622
81 5 30344
81 35 76769
81 57 12322
81 31 84063
81 74 30147
81 100 1653
81 42 35973
81 46 20312
81 22 10380
81 40 7515
81 92 51125
81 7 41035
81 72 11162
81 79 18329
60 69 63048
60 73 76899
60 94 95569
60 24 45200
60 27 12748
60 13 26486
60 53 38602
60 65 57536
60 68 66738
60 19 88910
60 45 19828
60 18 87222
60 62 9300
60 5 99678
60 91 24537
60 63 98942
60 31 83650
60 74 45423
60 11 27970
60 84 17790
60 46 81647
60 37 88682
60 70 26706
60 23 82085
60 83 76274
60 51 48560
86 69 72786
86 85 76760
86 73 91581
86 94 74095
86 24 83553
86 66 23459
86 49 34980
86 8 64205
86 78 92889
86 10 53849
86 16 9056
86 77 63579
86 27 28472
86 48 96738
86 96 54737
86 53 24587
86 87 30507
86 80 14415
86 65 52948
86 38 1882
86 47 36320
86 98 51319
86 68 74483
86 19 52920
86 25 90871
86 28 74052
86 29 94180
86 64 22193
86 45 26710
86 21 54768
86 33 90620
86 50 44191
86 18 97825
86 34 19285
86 4 52615
86 62 32613
86 99 15695
86 35 25885
86 91 81562
86 31 83113
86 74 3447
86 84 20436
86 46 47200
86 22 17259
86 40 2840
86 17 57244
86 14 56349
86 92 12134
86 1 13371
86 7 79619
86 72 55608
86 83 30866
86 43 35241
86 32 1670
69 85 23557
69 26 10970
69 73 92233
69 24 7690
69 49 8450
69 54 7784
69 27 51954
69 48 7415
69 13 85431
69 93 51044
69 53 11073
69 47 90290
69 64 63139
69 50 21932
69 34 59950
69 4 2881
69 5 79297
69 91 17217
69 63 45472
69 11 12825
69 46 750
69 9 28871
69 14 54594
69 1 34719
69 83 70426
69 51 67125
69 43 80624
69 44 6086
85 26 26597
85 59 61392
85 66 52630
85 49 30065
85 10 1433
85 16 63169
85 77 8308
85 39 9742
85 27 31566
85 48 8725
85 53 81710
85 98 82976
85 28 87534
85 29 22310
85 45 99418
85 33 95899
85 34 36274
85 4 40947
85 99 35717
85 67 60617
85 91 83498
85 63 36902
85 57 10486
85 100 45609
85 84 31629
85 46 10104
85 22 18119
85 40 74352
85 17 19701
85 97 2459
85 14 62077
85 15 17432
85 83 53255
85 44 15170
85 32 92584
85 79 708
26 24 40384
26 66 42841
26 10 17270
26 54 36750
26 39 284
26 27 27305
26 96 14195
26 53 27858
26 98 77395
26 19 71258
26 28 90316
26 64 9663
26 45 72507
26 21 22316
26 18 56441
26 12 60271
26 35 19372
26 91 2291
26 56 34460
26 74 86866
26 100 50841
26 37 40326
26 9 64703
26 22 74068
26 17 39718
26 97 65985
26 14 38267
26 92 19753
26 7 63247
26 23 67336
26 15 24742
26 83 76807
26 44 95813
26 79 26301
73 94 85469
73 59 45635
73 8 37076
73 78 44507
73 10 45766
73 13 49162
73 93 32522
73 80 59660
73 65 39681
73 38 4313
73 47 14306
73 25 0
73 64 25387
73 45 85493
73 18 13279
73 34 50259
73 4 96297
73 91 71226
73 63 94013
73 56 80785
73 100 66645
73 42 3621
73 40 39338
73 17 80639
73 92 13295
73 70 28024
73 23 67721
73 15 93115
73 83 64599
73 32 69662
94 24 24506
94 59 27214
94 89 64567
94 54 29289
94 27 95044
94 48 29639
94 53 73373
94 80 82072
94 38 78320
94 47 71232
94 28 80664
94 64 65453
94 45 79354
94 21 81878
94 50 98706
94 18 79435
94 34 46423
94 4 10295
94 67 90882
94 57 13302
94 41 37451
94 74 83196
94 84 94417
94 46 36216
94 9 49830
94 40 61068
94 17 81627
94 97 53244
94 70 85458
94 7 74589
94 15 23861
94 72 96371
94 83 61782
94 43 49827
94 44 99266
24 59 81316
24 8 57353
24 16 91051
24 54 99930
24 77 12508
24 52 91436
24 98 52188
24 68 77231
24 28 1391
24 64 81465
24 50 1341
24 4 58381
24 99 51059
24 67 31840
24 63 23980
24 41 24916
24 74 66654
24 100 41727
24 42 8239
24 11 35606
24 37 10571
24 97 6087
24 14 37876
24 43 91827
59 6 54550
59 66 34672
59 49 37359
59 16 45449
59 54 42813
59 52 38561
59 48 46941
59 96 53038
59 53 29844
59 80 68776
59 19 98805
59 28 80711
59 29 67477
59 45 12622
59 33 32136
59 4 69594
59 62 22928
59 67 58797
59 35 31770
59 100 72576
59 9 89729
59 14 26670
59 1 81549
59 51 71522
59 32 63145
6 66 27472
6 8 71815
6 78 48181
6 77 7625
6 13 52098
6 47 26862
6 68 53658
6 64 15806
6 33 25098
6 50 75130
6 4 77177
6 62 58720
6 99 27779
6 5 81876
6 35 69460
6 55 24893
6 31 75601
6 42 52722
6 9 35535
6 40 25488
6 17 16309
6 14 13076
6 92 49582
6 1 71174
6 76 87546
6 23 98644
6 51 14105
6 32 52139
66 49 28048
66 8 5741
66 10 2391
66 54 87303
66 77 40747
66 39 25486
66 52 61553
66 98 84202
66 25 28143
66 64 14891
66 50 89999
66 34 40058
66 62 43663
66 35 1945
66 55 35351
66 63 53970
66 31 75278
66 74 54624
66 11 27204
66 46 17166
66 37 5072
66 17 56486
66 23 40304
66 72 62909
66 79 65323
49 8 69848
49 78 58352
49 89 29581
49 16 97412
49 39 85759
49 52 55189
49 48 45461
49 93 19496
49 53 50518
49 38 45629
49 47 7590
49 19 42405
49 25 95121
49 29 67150
49 64 98244
49 34 51277
49 4 71656
49 5 77599
49 35 78271
49 55 53243
49 63 82932
49 57 90301
49 56 687
49 100 53863
49 22 44184
49 40 37294
49 97 38597
49 1 64504
49 70 18551
49 72 40537
49 83 64430
49 51 29619
49 32 39719
8 78 7393
8 89 88851
8 16 55805
8 27 40913
8 96 33569
8 13 72011
8 93 85958
8 53 58837
8 87 87949
8 38 19889
8 68 42327
8 28 32342
8 64 87169
8 45 24183
8 33 2033
8 12 86246
8 62 97363
8 99 10203
8 63 75109
8 57 56297
8 31 31030
8 56 48286
8 74 63702
8 84 23763
8 17 25694
8 14 34567
8 7 59682
8 72 59182
8 51 95687
8 43 79193
8 44 7190
8 32 90501
78 89 18387
78 10 25388
78 16 99700
78 77 53085
78 52 98839
78 27 29712
78 48 33886
78 13 43789
78 93 8675
78 80 84837
78 47 65165
78 98 62341
78 68 92424
78 25 97103
78 28 75121
78 29 35624
78 45 93155
78 21 85808
78 33 40171
78 4 61175
78 62 13408
78 99 66983
78 63 59574
78 57 86284
78 56 78264
78 42 72052
78 84 77834
78 37 77445
78 9 52099
78 1 2889
78 76 33200
78 23 59376
78 51 86174
78 43 14630
89 10 61059
89 16 57195
89 77 42531
89 39 52536
89 27 29760
89 48 7010
89 53 37244
89 80 81606
89 47 72196
89 68 98567
89 19 20615
89 28 21509
89 50 46621
89 62 1966
89 67 1881
89 55 70542
89 91 13459
89 63 99013
89 100 26295
89 42 27298
89 37 8658
89 9 43875
89 17 98581
89 14 85335
89 92 52496
89 70 94993
89 23 15977
89 51 68830
89 43 58983
10 16 98277
10 54 11813
10 52 58485
10 27 42518
10 48 32066
10 96 54685
10 93 92327
10 98 67392
10 68 50693
10 19 30135
10 34 277
10 12 4626
10 62 631
10 5 14638
10 67 37391
10 35 44625
10 55 78070
10 91 10356
10 63 91524
10 41 46889
10 56 2448
10 11 3325
10 84 87965
10 46 35616
10 92 80123
10 70 30998
10 7 44780
10 83 71219
10 51 26174
10 32 36626
16 54 29011
16 77 18840
16 39 27456
16 53 34388
16 80 41139
16 38 16571
16 47 76979
16 19 73778
16 25 19291
16 64 34871
16 50 43931
16 4 32252
16 55 61524
16 91 4354
16 57 61913
16 41 32660
16 56 5269
16 74 64144
16 37 13995
16 22 93527
16 40 68232
16 97 49202
16 14 63148
16 76 89598
16 23 70321
16 15 10125
16 83 26146
16 43 69160
16 44 49596
16 32 11456
54 77 30462
54 96 97224
54 13 63037
54 53 55201
54 80 74845
54 65 67179
54 38 95948
54 68 16265
54 29 7120
54 21 79764
54 50 76045
54 67 72752
54 35 17059
54 31 14609
54 56 2650
54 74 61799
54 42 45126
54 46 76234
54 37 40864
54 22 93285
54 40 80105
54 14 62373
54 1 15118
54 15 34962
54 44 28213
77 39 51659
77 96 2361
77 13 95360
77 93 75894
77 53 47105
77 87 67145
77 38 45725
77 98 28378
77 28 78903
77 45 53724
77 33 79491
77 50 26378
77 34 83925
77 62 3489
77 99 30897
77 67 94838
77 91 42887
77 31 39833
77 56 65394
77 11 4581
77 22 1753
77 97 99359
77 92 1884
77 1 25569
77 70 86427
77 72 49136
77 83 93913
77 44 26254
77 32 44824
39 52 92607
39 27 96055
39 48 47494
39 13 72756
39 80 47733
39 65 94173
39 38 30280
39 47 31274
39 68 95049
39 19 66074
39 28 59396
39 29 37416
39 64 39939
39 4 43847
39 62 8908
39 5 24088
39 67 27416
39 35 55020
39 91 94248
39 57 55478
39 41 79169
39 56 21573
39 22 79094
39 70 44176
39 76 70413
39 7 96069
39 23 50952
39 15 68314
39 72 33915
39 83 27496
39 44 97091
39 32 27289
39 79 93119
52 27 11410
52 65 4904
52 38 59066
52 98 82202
52 68 98232
52 25 89761
52 64 14875
52 21 9491
52 33 92894
52 50 27641
52 34 11054
52 4 55143
52 99 52564
52 67 32826
52 35 30791
52 55 25924
52 63 50719
52 74 95688
52 42 60079
52 11 96704
52 84 19593
52 9 17782
52 76 152
52 7 81813
52 15 71080
52 51 26740
52 32 86648
27 48 39342
27 13 62147
27 65 2548
27 35 63161
27 91 41211
27 31 21171
27 41 84251
27 56 16505
27 100 13918
27 46 4381
27 92 40161
27 72 35287
27 32 57577
48 96 35805
48 87 35851
48 65 85390
48 47 43339
48 19 53873
48 28 62324
48 4 52703
48 12 10306
48 62 47829
48 5 68689
48 67 94494
48 35 52063
48 41 55700
48 100 26356
48 42 45065
48 46 4930
48 22 72030
48 40 2893
48 17 81258
48 97 24269
48 92 99061
48 1 49085
48 7 14517
48 83 18674
48 51 61297
48 43 21054
48 44 44884
96 13 32083
96 53 69784
96 87 91130
96 65 91479
96 47 67972
96 29 78004
96 45 10821
96 33 1509
96 50 71629
96 18 40134
96 99 89289
96 5 86097
96 67 26889
96 55 67660
96 31 72405
96 100 76221
96 37 89623
96 9 4220
96 40 11096
96 17 80099
96 1 4931
96 23 99310
96 15 58001
96 72 28421
96 51 32998
96 43 57202
96 44 84162
13 93 74752
13 98 87176
13 28 84059
13 64 13739
13 4 42033
13 12 46000
13 5 55709
13 35 78173
13 31 2758
13 41 65646
13 74 78110
13 100 23122
13 11 13572
13 46 61164
13 22 18973
13 1 55845
13 70 39591
13 76 6458
13 23 98633
13 72 93054
13 83 69513
13 44 90883
93 80 24753
93 98 68175
93 25 90293
93 28 89200
93 29 93913
93 12 67599
93 62 85344
93 55 42077
93 91 50251
93 63 18877
93 57 36179
93 74 383
93 100 43368
93 42 26672
93 84 70012
93 46 48323
93 22 19955
93 40 81808
93 17 68161
93 14 76536
93 1 91021
93 70 76498
93 76 11414
93 23 19158
93 15 88814
93 72 77854
93 83 7977
53 87 63093
53 38 87253
53 19 13304
53 28 38830
53 29 23200
53 21 97995
53 50 23906
53 18 14360
53 62 17668
53 91 67290
53 57 60633
53 31 80906
53 41 61404
53 37 77732
53 17 33950
53 1 80886
53 76 50828
53 72 34871
53 43 94766
53 79 50355
87 65 21190
87 98 83632
87 25 56582
87 28 3964
87 21 93205
87 50 61425
87 18 53725
87 4 91213
87 12 45374
87 62 60769
87 99 18019
87 35 49359
87 91 87523
87 63 8557
87 57 34659
87 41 74407
87 11 34377
87 46 31904
87 9 25360
87 22 25946
87 14 23607
87 7 20241
87 23 98326
87 15 13959
87 72 68393
87 51 34562
87 43 1230
87 79 48041
80 38 23499
80 47 35644
80 19 27342
80 64 23681
80 4 53734
80 57 44816
80 41 16159
80 56 39322
80 74 29264
80 100 33702
80 84 96700
80 17 50485
80 97 17401
80 92 55052
80 76 68952
80 44 63674
80 32 40199
80 79 91736
65 38 89571
65 68 24363
65 19 79867
65 25 18018
65 64 2783
65 45 7347
65 34 77847
65 4 51450
65 99 85550
65 67 47560
65 55 70638
65 31 43422
65 56 96006
65 74 90704
65 100 23521
65 11 69031
65 22 55242
65 70 10852
65 44 91749
65 32 95294
65 79 55208
38 47 34911
38 98 30764
38 68 83696
38 19 30073
38 29 15900
38 64 70777
38 21 37926
38 34 58967
38 4 92047
38 12 69052
38 5 45324
38 67 35213
38 91 99731
38 57 95077
38 31 68319
38 74 85812
38 11 62052
38 37 49029
38 40 17532
38 17 46261
38 14 60683
38 7 24122
38 23 12625
38 15 92802
38 72 71829
38 43 43603
38 79 79395
47 28 92383
47 29 43193
47 45 37169
47 18 18875
47 34 50197
47 62 68453
47 99 17301
47 55 87188
47 91 55330
47 31 45643
47 56 89519
47 37 21178
47 40 50749
47 14 99347
47 92 44950
47 1 78570
47 76 41393
47 15 10767
47 83 72117
47 51 15544
47 43 94660
47 44 73520
98 68 43575
98 25 22504
98 64 74257
98 21 39748
98 34 26209
98 12 13838
98 62 19070
98 99 81763
98 5 69297
98 91 63404
98 63 24121
98 41 19275
98 74 76045
98 42 14990
98 84 84137
98 22 53923
98 40 31797
98 97 66224
98 1 20023
98 70 28368
98 15 88217
98 72 59261
98 43 36348
98 79 75285
68 28 82024
68 12 19352
68 99 50071
68 5 80677
68 91 66509
68 63 96310
68 31 96868
68 41 34062
68 56 62236
68 74 64493
68 42 80252
68 11 30042
68 84 74003
68 46 66013
68 22 8686
68 7 97339
68 15 2973
68 83 51081
68 43 7745
68 32 94486
68 79 80493
19 25 62477
19 28 79445
19 64 93862
19 21 53509
19 33 15231
19 12 79045
19 62 74451
19 5 43121
19 67 12631
19 55 32792
19 41 14448
19 56 88631
19 74 79660
19 100 44130
19 84 59953
19 46 15422
19 9 11142
19 92 32954
19 1 16561
19 7 75492
19 23 66678
19 15 33925
19 44 96002
25 28 59433
25 29 34601
25 21 60924
25 33 87691
25 18 80348
25 35 13203
25 57 33568
25 31 99791
25 74 79146
25 42 71723
25 84 59077
25 9 58499
25 40 62887
25 17 82809
25 76 58269
25 72 63103
25 83 9527
28 64 28714
28 21 38464
28 50 10362
28 62 54984
28 99 85128
28 5 23189
28 35 41154
28 57 48138
28 31 38991
28 41 36249
28 42 2287
28 22 56400
28 40 20876
28 17 75728
28 14 59734
28 76 86511
28 7 93287
28 23 65299
28 15 51399
28 72 73116
28 43 60242
29 45 96866
29 34 1152
29 99 79064
29 35 32956
29 91 25482
29 63 26880
29 100 83288
29 11 31624
29 22 53883
29 14 21337
29 76 30264
29 72 74499
29 51 64336
29 32 8350
64 45 42949
64 33 47615
64 50 73610
64 34 14249
64 5 6339
64 63 12486
64 57 13970
64 41 40869
64 100 78533
64 22 18183
64 40 66921
64 17 55310
64 14 17315
64 7 95121
64 23 77303
64 83 6228
64 43 45720
64 32 35137
64 79 81996
45 50 27775
45 34 11364
45 4 52019
45 91 83914
45 63 29768
45 41 79163
45 100 63355
45 22 44437
45 40 51822
45 17 3217
45 14 23820
45 70 71339
45 7 65201
45 15 11752
45 72 56919
45 83 27809
45 43 60740
45 32 68645
21 33 84598
21 50 68552
21 18 35092
21 34 16531
21 5 81569
21 67 66705
21 55 90417
21 63 52631
21 57 25797
21 31 73124
21 41 27229
21 56 67596
21 100 89976
21 11 23235
21 17 70248
21 76 34504
21 7 51999
21 15 99396
21 51 38421
21 43 90206
21 79 92645
33 50 71603
33 34 45472
33 62 57899
33 35 80043
33 55 58398
33 63 80963
33 57 95842
33 84 14199
33 40 28668
33 14 7037
33 92 36736
33 51 64264
33 32 10582
50 34 88645
50 4 3351
50 12 43412
50 99 94151
50 41 2546
50 74 86070
50 100 99555
50 42 70286
50 84 15618
50 37 71957
50 40 66600
50 97 38571
50 14 15077
50 76 46145
50 23 33335
50 15 81552
18 4 62469
18 62 64918
18 99 14678
18 67 88670
18 63 1289
18 57 56931
18 31 88477
18 74 23082
18 84 70370
18 46 10610
18 17 70229
18 97 31147
18 1 55007
18 76 77066
18 7 70691
18 23 36180
18 32 93276
34 4 64936
34 62 825
34 5 35584
34 55 11001
34 63 42900
34 56 92942
34 74 63294
34 42 79425
34 11 85632
34 37 81056
34 9 88016
34 22 19026
34 17 99487
34 14 10739
34 70 70639
34 23 96460
34 51 72574
34 44 31148
34 32 75876
34 79 83040
4 99 75246
4 67 79414
4 35 25308
4 55 59594
4 63 60608
4 56 16600
4 84 80704
4 37 20578
4 40 47999
4 17 89135
4 1 25191
4 76 59940
4 7 6283
4 23 63004
4 83 79528
12 62 58133
12 99 99381
12 55 95761
12 91 37291
12 41 48231
12 74 70077
12 11 65809
12 84 7292
12 37 9038
12 22 69245
12 14 44235
12 92 96975
12 76 71614
12 15 40628
12 83 84808
12 43 8976
12 32 95638
62 5 81303
62 67 35044
62 55 51579
62 57 35297
62 56 62333
62 100 14395
62 42 25384
62 84 93993
62 37 69982
62 40 70440
62 17 55895
62 92 10643
62 1 81795
62 76 6030
62 51 54750
62 43 3045
62 32 39783
62 79 20875
99 5 96535
99 67 11491
99 100 50819
99 84 37288
99 40 5157
99 92 79920
99 1 81205
99 76 43884
99 23 69790
99 15 70721
99 72 76901
99 51 61456
5 35 9114
5 55 67827
5 91 24999
5 57 80811
5 41 53830
5 11 17318
5 46 58380
5 40 98084
5 1 50827
5 76 24561
5 7 13226
5 23 36950
5 15 77115
5 72 22759
5 83 15619
67 55 44394
67 74 84334
67 42 73832
67 9 28149
67 22 31299
67 17 64441
67 97 70870
67 14 59042
67 92 30726
67 1 62914
67 76 16836
67 23 76496
67 15 95150
67 83 84739
67 43 26671
67 32 38223
35 91 3390
35 63 12940
35 74 34945
35 37 76446
35 22 53135
35 17 66103
35 14 29995
35 76 68242
35 7 98948
35 23 25604
35 15 78422
35 83 68246
35 44 20131
55 91 32985
55 63 47219
55 31 93476
55 74 44949
55 42 55969
55 11 32173
55 46 47091
55 37 48108
55 97 94808
55 70 47905
55 76 65030
55 15 41468
55 51 31323
55 43 7499
91 63 8838
91 74 26735
91 100 23476
91 42 30417
91 46 84402
91 9 81305
91 17 3726
91 97 7625
91 70 28831
91 76 29853
91 23 20785
91 72 67916
91 83 36546
91 51 53959
91 43 94779
91 32 99077
91 79 34519
63 74 40086
63 11 69983
63 46 90318
63 9 3797
63 22 89243
63 40 15289
63 14 36556
63 1 35857
63 70 90700
63 7 34543
63 83 90500
63 51 48192
63 32 21204
57 31 67180
57 41 94324
57 74 46624
57 100 6721
57 42 9952
57 84 84100
57 46 77276
57 9 64437
57 17 65166
57 14 33594
57 92 27443
57 23 67693
57 15 88631
57 83 71171
57 51 64198
57 43 52808
31 41 94158
31 56 15049
31 11 85181
31 84 65978
31 9 11694
31 17 87560
31 92 74967
31 1 48119
31 23 77131
31 83 90428
31 32 7122
31 79 41275
41 84 29159
41 37 30841
41 40 35463
41 92 16576
41 1 49616
41 76 61844
41 72 11419
41 83 56436
41 44 41739
56 100 27760
56 42 380
56 11 42175
56 37 81366
56 22 29742
56 40 25637
56 17 84051
56 92 79762
56 1 69933
56 76 54920
56 23 31177
56 15 28896
56 72 19880
56 83 88181
56 32 56175
74 46 3209
74 37 20230
74 22 21208
74 40 19785
74 17 20775
74 15 71443
74 72 68532
74 51 99237
74 79 45696
100 46 20155
100 37 30123
100 22 26111
100 92 8266
100 23 36070
100 15 61686
100 72 67463
100 44 74010
100 79 21942
42 37 20036
42 22 22134
42 40 17070
42 70 86792
42 7 69290
42 23 64308
42 72 70947
42 79 72592
11 84 14464
11 46 69697
11 14 64753
11 92 38624
11 1 21923
11 76 27547
11 15 54697
11 43 37673
11 44 88665
11 32 56899
84 46 60178
84 37 77938
84 22 67441
84 97 98085
84 70 45659
84 7 93670
84 83 72749
46 37 13705
46 9 56256
46 17 35956
46 97 98788
46 76 51521
46 15 58194
46 72 69535
46 43 72789
46 44 43740
46 32 26014
46 79 21368
37 1 18329
37 23 13708
37 83 69890
37 51 77202
37 43 41437
9 40 78283
9 97 41498
9 14 727
9 70 48696
9 83 40878
9 51 33998
9 32 561
9 79 37835
22 40 29776
22 97 95687
22 92 86606
22 76 52167
22 7 91243
22 83 91014
22 51 53223
22 32 73119
40 17 46785
40 14 35120
40 92 21884
40 1 4659
40 44 32432
40 32 77350
40 79 32404
17 83 25634
17 51 28615
17 43 19091
17 44 14180
17 79 59499
97 70 28774
97 15 16296
14 1 90500
14 7 83411
14 23 12677
14 72 21233
14 83 38948
14 43 14072
92 23 50485
92 15 84147
92 83 81667
92 43 4472
1 23 4662
1 15 68755
1 43 90329
1 44 11479
1 32 43127
1 79 22751
70 72 53643
70 83 20287
70 44 64804
70 32 0
76 23 67444
76 72 27406
76 83 62456
76 44 35755
76 32 50004
7 43 86452
7 44 36364
7 79 62074
23 15 2989
23 32 34422
15 83 77687
15 51 43468
72 83 15632
72 51 39091
72 43 90642
72 32 39537
83 43 8319
83 32 9921
51 43 46106
51 79 77109
43 32 70337
43 79 52266
