230 3782
209 77 95612
209 171 45857
209 7 79044
209 90 53919
209 135 75478
209 86 38516
209 197 15544
209 97 18336
209 198 65724
209 116 59851
209 189 43585
209 122 70604
209 25 12934
209 15 87976
209 136 20880
209 148 209
209 192 7272
209 226 47183
209 190 74116
209 117 43036
77 179 62154
77 171 81146
77 158 22877
77 7 64324
77 90 11444
77 58 35693
77 119 22624
77 221 35455
77 120 67049
77 76 67410
77 162 80093
77 95 18614
77 123 20540
77 141 41951
77 44 9467
77 222 80030
77 204 4259
77 54 41301
77 211 75362
77 69 32772
77 85 45891
77 207 39323
77 83 85608
77 65 64619
77 225 26941
77 203 45637
77 124 76481
77 121 91447
77 16 56954
77 11 33429
77 191 60490
77 159 65899
77 117 62196
77 210 73782
77 64 91683
77 55 62060
179 90 76264
179 14 1875
179 188 38644
179 197 91069
179 101 11803
179 187 7807
179 217 61760
179 59 33517
179 70 7349
179 134 72096
179 223 56310
179 21 7087
179 199 94049
179 26 57320
179 204 51158
179 71 48438
179 48 23840
179 87 53922
179 63 48035
179 136 86860
179 98 4078
179 164 69246
179 111 31919
179 192 86778
179 11 13711
179 96 91224
179 6 46250
179 88 50164
179 67 94473
179 150 68385
179 30 74778
179 216 59585
179 105 42160
179 46 47629
171 73 55999
171 50 22024
171 119 93410
171 182 8950
171 188 11484
171 193 77697
171 76 89212
171 95 38219
171 130 66554
171 97 64883
171 59 53243
171 198 61425
171 116 65570
171 44 72217
171 189 34957
171 23 93622
171 132 60783
171 31 83427
171 125 56328
171 87 48154
171 219 58023
171 214 93819
171 168 59746
171 74 38339
171 107 56515
171 203 94672
171 100 27524
171 127 59625
171 52 33331
171 99 34997
171 12 8832
171 150 76503
171 190 20279
171 160 89161
171 27 62552
171 181 30139
171 105 75418
171 172 92577
171 39 95184
158 81 64794
158 7 46046
158 90 66164
158 135 7421
158 8 27690
158 193 32511
158 41 66894
158 198 99525
158 17 2902
158 189 68368
158 36 15035
158 80 48566
158 201 96254
158 196 61566
158 9 78800
158 33 87947
158 170 10026
158 60 98148
158 32 66109
158 168 84848
158 164 67400
158 146 30567
158 133 19474
158 109 54626
158 127 32818
158 159 98764
158 99 67040
158 43 48449
158 78 57687
158 224 13746
158 139 39513
158 64 34111
81 90 46393
81 135 64928
81 188 62533
81 3 94319
81 41 15523
81 130 19743
81 142 40381
81 108 87764
81 118 42750
81 189 23130
81 112 35676
81 54 23316
81 132 18188
81 31 49805
81 9 13178
81 151 23246
81 79 82796
81 177 57203
81 18 88825
81 157 54731
81 131 15941
81 208 32296
81 168 94558
81 164 70874
81 212 64427
81 202 47554
81 24 71285
81 67 23489
81 160 15082
81 37 71924
81 145 22146
81 139 70762
81 167 43373
7 90 59554
7 180 64823
7 76 25036
7 95 82469
7 84 15731
7 116 62319
7 23 35193
7 147 96005
7 207 7201
7 83 1058
7 125 96573
7 28 16435
7 19 36318
7 185 97320
7 110 43354
7 214 69945
7 154 16517
7 143 78360
7 24 4240
7 11 38483
7 226 12944
7 6 46197
7 127 9483
7 213 65938
7 40 48101
7 61 55268
7 183 33830
7 57 61283
7 104 13988
90 86 63540
90 102 84487
90 129 33643
90 116 94921
90 114 4178
90 132 26622
90 122 13506
90 151 48477
90 125 70881
90 206 62917
90 15 8311
90 194 0
90 98 11693
90 5 95207
90 214 59273
90 35 60508
90 32 44674
90 208 2613
90 168 75902
90 173 23625
90 128 43516
90 121 95436
90 109 30741
90 52 40275
90 205 2656
90 22 68727
90 37 6076
90 210 93033
90 55 1235
135 84 81305
135 38 51209
135 195 10930
135 56 54272
135 114 89816
135 201 78122
135 85 79145
135 13 41112
135 125 70784
135 206 58564
135 45 92530
135 185 45132
135 35 57108
135 32 21326
135 173 75871
135 103 57709
135 146 80699
135 11 41966
135 226 72541
135 6 16946
135 52 95068
135 67 9189
135 106 0
135 156 4535
135 165 3670
135 30 22782
135 78 99945
135 153 40976
135 47 60458
135 224 11779
135 210 86136
135 218 21520
73 175 48933
73 50 54436
73 119 74315
73 182 11895
73 120 65128
73 41 2209
73 134 13666
73 142 5749
73 178 81914
73 17 95216
73 23 15661
73 184 40102
73 140 84293
73 13 649
73 206 1497
73 63 9118
73 157 32361
73 185 35903
73 154 34131
73 111 29958
73 126 392
73 202 63647
73 100 66042
73 226 61984
73 160 89610
73 68 88147
73 216 98107
73 172 51824
73 104 62294
175 58 90173
175 14 63946
175 197 20721
175 41 51960
175 76 70240
175 187 38144
175 130 53523
175 113 28507
175 118 65781
175 44 39142
175 112 37078
175 222 14940
175 114 20977
175 196 3582
175 151 97627
175 79 39267
175 170 16665
175 51 41003
175 5 298
175 164 69750
175 173 57351
175 133 45449
175 161 38830
175 229 76594
175 205 2642
175 165 94495
175 43 37917
175 181 80250
175 163 74245
175 22 96982
175 152 20668
175 145 6137
175 218 94246
58 180 24916
58 50 56543
58 182 8314
58 8 98811
58 120 1524
58 76 49685
58 187 3455
58 223 27980
58 44 45910
58 69 97362
58 31 57354
58 83 61474
58 125 51389
58 62 79308
58 33 79657
58 53 2947
58 219 53555
58 60 62643
58 148 83686
58 131 6802
58 164 5369
58 111 62976
58 100 50354
58 169 72198
58 121 20366
58 226 46362
58 229 1942
58 12 30326
58 34 59417
58 106 28901
58 68 95956
58 163 15245
58 89 81307
58 152 75470
58 117 69815
180 50 93736
180 14 23860
180 86 60927
180 93 2359
180 215 38270
180 59 58855
180 102 51981
180 21 5150
180 178 76902
180 49 16120
180 114 9170
180 132 45779
180 176 83564
180 122 85134
180 9 53620
180 85 52201
180 151 21295
180 65 15808
180 137 55433
180 28 24539
180 25 61482
180 15 4998
180 51 82655
180 98 20920
180 60 99892
180 214 26514
180 115 28861
180 35 13056
180 212 91451
180 74 8229
180 111 87662
180 107 86636
180 126 86638
180 103 14770
180 203 94792
180 202 55096
180 226 11581
180 89 19619
180 39 62467
180 218 4841
50 14 96674
50 182 92575
50 95 1631
50 215 94138
50 217 93589
50 97 58123
50 129 40174
50 134 38411
50 116 24871
50 223 52782
50 123 69529
50 118 23608
50 38 54155
50 23 4865
50 195 43940
50 80 96591
50 176 35020
50 71 70108
50 166 40483
50 13 21079
50 65 81934
50 33 70583
50 177 66988
50 28 86042
50 194 7456
50 115 16560
50 212 91036
50 161 54640
50 128 86381
50 100 93564
50 169 81691
50 121 27714
50 6 12028
50 229 90518
50 213 21332
50 181 98320
50 89 60057
50 145 10272
14 119 45642
14 182 1147
14 3 17027
14 193 57618
14 101 28849
14 102 1646
14 75 95821
14 108 807
14 118 93477
14 38 4859
14 222 13107
14 204 1719
14 82 91743
14 137 69710
14 20 19592
14 110 95843
14 74 12056
14 103 35774
14 203 65918
14 16 35869
14 226 67936
14 156 13808
14 22 79521
14 46 53612
14 139 3847
14 55 64448
119 182 7268
119 120 10043
119 197 93972
119 215 66788
119 141 86026
119 38 25405
119 31 54856
119 201 33395
119 71 89983
119 87 49413
119 206 61396
119 18 12406
119 19 92708
119 63 86739
119 157 28604
119 51 3724
119 154 76901
119 126 21301
119 203 3673
119 133 17074
119 100 84624
119 200 46970
119 12 32545
119 67 30471
119 205 44884
119 40 87537
119 216 30127
119 183 35163
119 94 32121
119 46 56664
119 218 8506
119 64 26255
119 104 23766
182 8 3303
182 221 44779
182 95 33110
182 66 75245
182 215 96198
182 142 78984
182 178 82
182 141 58278
182 118 77908
182 222 53881
182 69 38552
182 184 85079
182 201 48202
182 125 13689
182 225 96479
182 25 75604
182 110 44452
182 214 78942
182 154 50038
182 212 87189
182 173 8354
182 72 74059
182 202 95665
182 12 83818
182 67 34191
182 213 80026
182 163 86301
8 188 95328
8 197 58808
8 187 11955
8 217 41490
8 70 45841
8 134 55825
8 142 77445
8 198 75107
8 108 26479
8 56 97951
8 82 38940
8 196 6027
8 170 9369
8 87 21920
8 136 60606
8 214 92201
8 115 59225
8 220 66443
8 74 86383
8 107 39837
8 126 16938
8 203 64054
8 159 83067
8 144 18892
8 12 84769
8 67 59816
8 150 85461
8 213 19959
8 40 30588
8 43 19297
8 183 76252
8 153 80475
8 163 44143
8 149 22543
8 145 4440
188 221 49451
188 41 88261
188 101 711
188 76 90265
188 95 73466
188 84 45110
188 102 45961
188 116 4839
188 26 18335
188 17 19001
188 195 77628
188 56 120
188 166 91228
188 83 8721
188 48 70313
188 206 60420
188 136 91182
188 5 63868
188 110 10797
188 115 88139
188 168 74643
188 74 36601
188 192 39212
188 169 35782
188 16 46221
188 52 67441
188 191 44724
188 144 69051
188 4 37672
188 1 69749
188 163 47614
188 46 61906
188 167 35470
221 120 64580
221 41 34948
221 76 32188
221 93 63121
221 91 50139
221 70 25799
221 123 17273
221 204 52757
221 31 63655
221 151 28666
221 51 82341
221 35 31374
221 143 3063
221 103 94214
221 16 83712
221 226 6935
221 52 65545
221 88 29534
221 159 7364
221 144 87661
221 150 30628
221 205 39009
221 156 32591
221 165 90509
221 163 84043
221 94 92895
221 89 19420
221 152 12816
221 47 71586
221 104 49023
120 86 46592
120 197 79776
120 138 22851
120 142 95356
120 123 41693
120 141 59477
120 189 12642
120 195 34825
120 2 57832
120 201 63121
120 13 44634
120 83 35885
120 48 16440
120 25 38070
120 60 40175
120 107 2111
120 186 39245
120 133 3560
120 124 78181
120 226 96972
120 88 90920
120 67 7588
120 68 24150
120 163 7067
120 172 132
120 224 95053
86 3 86783
86 41 59151
86 59 91316
86 134 83092
86 199 77694
86 112 94936
86 204 92383
86 176 73811
86 122 60333
86 166 29563
86 62 50155
86 10 62251
86 137 78661
86 53 27443
86 28 18431
86 87 26895
86 164 11045
86 143 22586
86 161 16027
86 92 6288
86 191 88046
86 106 61544
86 4 60241
86 57 49718
86 163 36952
86 94 54884
86 39 80197
3 193 43383
3 41 47427
3 91 94507
3 59 25593
3 75 36685
3 17 412
3 123 27348
3 36 99268
3 195 97339
3 207 60730
3 10 39459
3 87 43367
3 45 98244
3 51 8449
3 164 60233
3 103 33812
3 100 71250
3 191 86132
3 159 59979
3 144 2155
3 205 12727
3 181 38683
3 153 68494
3 139 9941
3 55 59654
193 197 23227
193 101 50309
193 91 80636
193 129 28258
193 49 71765
193 80 48658
193 140 84107
193 82 7688
193 9 14602
193 71 67516
193 147 22292
193 85 31089
193 48 69693
193 206 14715
193 19 80576
193 110 69204
193 214 59352
193 186 20176
193 161 10089
193 96 29809
193 92 51467
193 227 57460
193 228 15666
193 40 37134
193 27 2806
193 216 36177
193 105 56105
193 1 69402
193 47 12395
193 210 10079
197 41 53114
197 187 52833
197 93 47552
197 130 8074
197 198 6367
197 178 12305
197 36 80542
197 13 55398
197 62 77482
197 15 56564
197 60 297
197 154 31824
197 143 29203
197 186 43333
197 133 64282
197 124 87588
197 128 39706
197 127 7859
197 159 75902
197 156 30187
197 160 2311
197 68 18455
197 27 67392
197 4 92389
197 57 85816
197 46 51703
197 145 71272
197 218 9305
197 64 66714
41 101 22392
41 155 62213
41 138 26749
41 162 879
41 70 67241
41 56 62227
41 114 10991
41 80 1432
41 71 59744
41 85 39119
41 10 34459
41 29 80911
41 136 98007
41 185 58432
41 35 69164
41 220 91302
41 173 8646
41 186 69881
41 192 45311
41 88 78202
41 92 37696
41 228 35777
41 190 15120
41 165 56539
41 160 50582
41 163 81188
41 89 26679
41 139 76955
101 155 248
101 76 52234
101 130 71783
101 102 93561
101 142 15163
101 112 3850
101 195 87356
101 80 88088
101 201 27242
101 176 26731
101 122 16291
101 9 24735
101 85 47289
101 83 97384
101 53 16903
101 48 83273
101 15 40361
101 110 5960
101 148 95869
101 35 65195
101 32 29647
101 212 63301
101 72 1389
101 128 50144
101 226 5496
101 229 52940
101 127 59637
101 88 51374
101 227 99081
101 181 46559
101 1 70990
101 47 61115
101 149 77904
101 145 90748
101 218 18075
155 76 87776
155 91 77441
155 129 23318
155 223 86255
155 49 25839
155 17 23462
155 189 84262
155 176 30850
155 33 45800
155 19 60285
155 148 27230
155 74 40556
155 174 89455
155 96 89292
155 191 44289
155 99 52603
155 190 64178
155 34 8580
155 160 17076
155 40 31106
155 43 47010
155 1 2696
155 39 32296
155 64 65691
76 187 51584
76 93 58935
76 215 36303
76 97 97105
76 70 61382
76 198 84365
76 21 80802
76 17 1702
76 118 5994
76 23 78240
76 122 17953
76 151 79162
76 13 35959
76 207 84203
76 65 32366
76 18 42342
76 35 88279
76 32 73276
76 212 34937
76 111 69289
76 126 23321
76 72 57430
76 100 86631
76 121 20827
76 11 53625
76 99 5046
76 12 56187
76 67 83861
76 4 3245
76 149 66119
187 138 50838
187 108 71823
187 141 13580
187 54 92901
187 201 1550
187 122 29429
187 85 69213
187 28 25558
187 206 47362
187 110 99683
187 72 73176
187 203 61763
187 100 86492
187 159 63039
187 227 97684
187 99 66612
187 150 88482
187 156 99933
187 1 11454
187 153 78160
187 172 27370
187 39 3845
187 37 3152
187 167 68126
138 93 51084
138 130 36429
138 97 93755
138 70 40785
138 134 58408
138 198 16587
138 79 89131
138 28 87910
138 25 44234
138 35 19495
138 32 32706
138 220 57561
138 208 81227
138 212 71511
138 11 45353
138 6 66227
138 52 33728
138 67 47084
138 1 53105
138 94 7275
93 162 14511
93 91 60449
93 21 78860
93 49 1403
93 123 36412
93 118 20977
93 56 60190
93 114 95724
93 184 69090
93 82 78639
93 147 57146
93 79 25923
93 170 72296
93 164 9920
93 133 11404
93 124 71626
93 24 88610
93 109 92314
93 144 48020
93 227 60517
93 12 89948
93 67 44448
93 213 13431
93 30 36203
93 43 30876
93 181 10433
93 4 21684
93 183 9016
93 89 38773
93 149 91893
93 145 3216
93 139 16524
162 95 25944
162 134 27166
162 198 60667
162 116 52812
162 199 62694
162 44 2310
162 222 85291
162 195 46971
162 211 66701
162 82 1917
162 71 79666
162 10 65247
162 225 40918
162 170 4750
162 28 71337
162 194 64735
162 148 29624
162 154 9824
162 32 58080
162 192 28621
162 72 56354
162 161 35033
162 16 53804
162 226 42157
162 190 13922
162 160 42928
162 43 98088
162 181 69616
162 61 89321
162 210 8483
95 66 1240
95 102 63680
95 141 64398
95 54 80939
95 42 43330
95 201 93747
95 9 11229
95 137 49847
95 87 46595
95 18 16197
95 219 82935
95 60 91528
95 203 91327
95 128 11508
95 200 28294
95 34 39010
95 106 62037
95 4 15498
95 105 9211
95 1 59627
95 39 54984
95 149 85802
66 215 50284
66 97 86103
66 222 38159
66 201 18962
66 176 95143
66 122 72974
66 147 87193
66 83 72993
66 137 34786
66 48 49107
66 220 84758
66 164 93074
66 111 21666
66 16 62729
66 6 41719
66 165 55423
66 68 87681
66 105 43242
66 1 35316
66 57 38728
66 153 49336
66 172 37026
66 145 35702
66 230 53477
66 64 63556
215 91 34629
215 142 33199
215 199 59127
215 123 42987
215 112 46674
215 211 15059
215 207 75359
215 79 13457
215 15 24625
215 51 66332
215 220 45785
215 103 76908
215 146 79752
215 16 11776
215 96 14545
215 6 89453
215 52 24079
215 191 73914
215 34 53479
215 160 45589
215 68 80670
215 78 63508
215 163 5684
215 39 2491
215 22 69987
215 47 5804
215 210 6569
215 218 8536
215 55 95642
91 130 55234
91 142 31421
91 178 86970
91 108 10155
91 44 37702
91 80 10666
91 42 31246
91 31 44956
91 10 45475
91 157 86070
91 136 72739
91 212 9835
91 72 76908
91 103 34165
91 202 90531
91 124 55600
91 100 74311
91 16 27836
91 159 69772
91 183 23886
91 172 83556
91 46 35653
91 210 25113
130 217 2475
130 84 36176
130 178 41965
130 23 29088
130 132 99831
130 31 9279
130 196 71713
130 79 67392
130 148 1505
130 168 76508
130 143 11875
130 111 18305
130 186 60746
130 72 65230
130 169 29851
130 24 24976
130 11 80144
130 96 29371
130 200 68559
130 88 61623
130 191 70556
130 99 14781
130 216 54467
130 78 81889
130 22 68013
130 47 19674
130 149 84816
217 97 22263
217 84 28237
217 21 791
217 189 76157
217 204 22012
217 176 74516
217 71 57889
217 207 92476
217 137 48197
217 53 693
217 29 24994
217 148 74572
217 154 20324
217 32 78357
217 52 2121
217 34 36672
217 156 67117
217 160 56874
217 39 91921
217 47 75288
217 145 20470
97 113 17416
97 118 84639
97 44 80949
97 211 5314
97 31 43607
97 201 54350
97 9 22765
97 79 4219
97 25 35939
97 219 74817
97 208 58555
97 164 36274
97 186 53536
97 103 28954
97 202 63183
97 128 18594
97 11 54239
97 109 11909
97 205 53247
97 106 13414
97 156 60705
97 160 72476
97 40 15066
97 172 34071
97 37 13044
97 145 29085
113 84 14891
113 70 63615
113 222 10719
113 195 16606
113 114 28482
113 211 86688
113 196 95914
113 166 25694
113 207 40023
113 125 5463
113 33 77256
113 170 83173
113 53 37636
113 18 84789
113 63 48681
113 136 89567
113 5 65808
113 115 59662
113 32 81807
113 96 83241
113 229 99539
113 92 75506
113 213 46495
113 190 80158
113 165 3981
113 68 88133
113 181 10818
113 153 23684
113 89 76045
113 210 75532
84 59 9911
84 102 83098
84 116 69103
84 69 73628
84 13 96583
84 65 89162
84 10 39056
84 177 60356
84 45 82946
84 63 29372
84 98 22508
84 20 79460
84 110 90935
84 60 9645
84 154 82708
84 208 19338
84 6 60159
84 181 26808
84 61 20091
84 1 94023
84 78 84288
84 152 10729
84 47 83098
84 46 86420
84 37 63441
84 64 50735
59 70 52134
59 142 29717
59 38 72947
59 56 35533
59 2 25452
59 69 27927
59 166 51422
59 85 16261
59 170 41362
59 53 28042
59 25 46851
59 51 82898
59 20 57400
59 5 94259
59 110 54378
59 203 43398
59 11 64550
59 52 98505
59 200 25896
59 40 91034
59 4 13630
59 152 67113
59 210 68384
70 102 83982
70 198 99419
70 49 70952
70 118 98733
70 189 79005
70 112 61233
70 79 365
70 28 14974
70 185 11374
70 131 9787
70 154 34916
70 35 86996
70 220 70815
70 212 14975
70 186 27483
70 103 96682
70 121 40658
70 226 16597
70 127 30973
70 88 92176
70 181 31487
70 78 38791
70 94 37444
70 22 19439
70 149 86915
70 104 77183
102 129 10895
102 198 3574
102 26 43618
102 195 54187
102 56 70782
102 211 55676
102 80 62188
102 140 62276
102 31 22216
102 71 50017
102 147 57441
102 125 50122
102 157 48368
102 5 76317
102 185 55079
102 214 88746
102 212 72889
102 74 87201
102 126 13827
102 72 54768
102 146 38343
102 174 88498
102 109 55340
102 228 25223
102 216 98068
102 183 17115
102 94 13065
102 64 5844
102 167 94635
129 134 53195
129 223 53646
129 178 99204
129 141 63462
129 222 68477
129 56 88636
129 114 83048
129 2 95359
129 184 23939
129 65 31885
129 33 50403
129 48 93804
129 15 5233
129 136 49744
129 98 34339
129 5 0
129 110 70171
129 60 83510
129 131 45191
129 208 33098
129 126 32215
129 202 22679
129 127 27308
129 88 84328
129 67 91676
129 163 49024
129 145 42924
129 139 95623
129 230 78653
129 64 16613
129 55 89757
134 142 84986
134 26 4524
134 140 60898
134 82 46168
134 25 20958
134 63 471
134 194 9257
134 35 47971
134 220 61342
134 168 1519
134 100 44754
134 92 17061
134 213 46814
134 106 68
134 181 72715
134 183 35502
134 57 29643
134 89 14009
134 149 67179
134 64 78198
142 198 36153
142 199 53647
142 49 85329
142 118 25207
142 204 48010
142 9 55866
142 71 76031
142 147 294
142 151 97691
142 87 27245
142 206 36978
142 63 24369
142 51 86134
142 136 71279
142 5 5189
142 148 51961
142 115 22461
142 154 83140
142 186 33883
142 6 20100
142 191 26601
142 67 52217
142 30 3711
142 68 17983
142 27 46662
142 1 44416
142 39 41015
142 47 2820
142 145 27136
142 218 96037
198 116 67637
198 199 11565
198 112 32322
198 36 54645
198 80 3463
198 184 81238
198 176 40343
198 196 93338
198 13 5055
198 170 94808
198 51 16803
198 212 1603
198 186 53008
198 72 57235
198 146 84503
198 161 67483
198 191 88052
198 67 86434
198 160 68604
198 40 55525
198 30 84947
198 172 21119
198 39 3057
198 152 34857
198 218 57598
198 55 20664
116 223 12678
116 123 75435
116 54 6662
116 201 83034
116 122 47759
116 196 2513
116 166 1992
116 13 48262
116 110 80884
116 131 10475
116 115 12354
116 154 55752
116 168 23917
116 212 11507
116 143 18294
116 186 63370
116 203 39638
116 133 12129
116 169 36444
116 16 19143
116 96 15295
116 109 98678
116 92 1491
116 4 30827
116 78 54036
116 57 22574
116 153 63653
116 39 58195
116 46 6926
223 21 72326
223 69 26243
223 31 6422
223 151 6089
223 79 74230
223 170 98817
223 87 76252
223 19 68905
223 110 69304
223 154 17352
223 143 87609
223 107 91686
223 103 32043
223 133 47249
223 24 483
223 6 47258
223 88 52259
223 92 6042
223 190 46461
223 160 25878
223 43 89452
223 4 18093
223 94 87475
223 172 67826
223 22 84872
223 145 36957
21 199 62979
21 204 97977
21 82 63722
21 85 65418
21 207 69457
21 225 25796
21 28 87557
21 25 7699
21 194 68751
21 154 57396
21 208 58770
21 168 1691
21 124 68437
21 127 50269
21 191 0
21 150 19158
21 213 12948
21 165 1663
21 30 9181
21 181 76490
21 163 78668
21 117 1477
199 178 41681
199 49 97770
199 17 80104
199 44 12596
199 189 82050
199 54 81828
199 82 22339
199 196 21353
199 147 31054
199 85 65151
199 207 87945
199 33 44406
199 177 51158
199 170 94388
199 15 32037
199 29 43856
199 51 1257
199 110 77499
199 131 53290
199 168 57584
199 72 28291
199 16 71898
199 226 16871
199 229 22587
199 200 67511
199 165 71225
199 181 60905
199 105 32359
199 94 9719
199 39 57168
199 149 27616
199 104 3813
178 75 55520
178 211 59944
178 2 85404
178 82 80141
178 147 80280
178 151 98442
178 62 77404
178 170 6810
178 107 19635
178 192 68994
178 72 59644
178 203 30448
178 124 74118
178 174 97882
178 200 77663
178 34 55431
178 43 85848
178 149 7235
178 37 83735
178 224 50915
75 108 99845
75 23 94251
75 36 2742
75 195 77124
75 54 4673
75 2 89315
75 132 68702
75 69 13743
75 184 37643
75 201 33771
75 82 16315
75 62 60463
75 20 10566
75 219 1973
75 143 71607
75 173 70918
75 203 70485
75 202 5337
75 229 50130
75 106 83853
75 40 17179
75 78 68760
75 167 11019
108 49 93915
108 23 29064
108 195 80499
108 132 26241
108 82 42646
108 9 25338
108 71 29687
108 125 79676
108 170 29314
108 206 4386
108 18 0
108 45 26213
108 157 45648
108 5 32540
108 72 22071
108 174 14381
108 52 57249
108 159 10937
108 99 48617
108 12 18113
108 190 40941
108 105 62620
108 163 80535
108 117 88313
49 26 22459
49 189 72694
49 38 17759
49 222 1091
49 184 3419
49 31 79204
49 166 19596
49 85 31544
49 62 86847
49 177 81612
49 63 79930
49 5 24282
49 219 98385
49 148 79717
49 115 83113
49 74 37100
49 72 9036
49 203 43353
49 121 52755
49 16 44419
49 191 114
49 228 56781
49 190 35585
49 106 37271
49 43 11084
49 105 54143
49 57 85589
49 47 570
26 17 66849
26 2 53199
26 42 33924
26 184 92994
26 9 47093
26 166 71231
26 137 70400
26 53 63212
26 164 67020
26 212 82107
26 107 40342
26 103 47325
26 16 58626
26 191 42432
26 228 55172
26 150 4576
26 160 57206
26 43 72792
26 4 22856
26 46 75196
26 139 95222
26 167 91866
17 123 75983
17 141 36653
17 44 85940
17 132 33574
17 31 99238
17 79 58247
17 125 24755
17 62 72910
17 225 90367
17 170 38345
17 28 83397
17 25 67304
17 206 89551
17 29 81743
17 148 68747
17 32 72292
17 146 82552
17 229 90966
17 144 16089
17 150 71430
17 106 67499
17 160 99186
17 216 91988
17 39 96316
17 152 39276
17 139 83260
123 141 47218
123 195 33622
123 166 65222
123 137 19928
123 225 94165
123 48 8131
123 98 77084
123 219 86151
123 35 76990
123 161 6500
123 121 3111
123 52 91248
123 92 43385
123 165 65893
123 160 28682
123 153 68459
141 118 6138
141 36 51405
141 151 50271
141 13 66056
141 62 11219
141 137 228
141 177 33444
141 170 34982
141 15 99325
141 157 55640
141 136 42288
141 98 39432
141 202 77747
141 24 8456
141 16 70066
141 127 97052
141 92 52527
141 190 87026
141 30 8580
141 27 56641
141 181 99845
141 153 62296
141 47 21169
141 224 48381
141 145 39440
118 44 33084
118 38 91145
118 176 45474
118 9 30575
118 125 68399
118 62 37353
118 15 16702
118 157 11182
118 51 44294
118 136 91505
118 111 32900
118 173 54909
118 226 12586
118 200 44760
118 150 73429
118 61 91798
118 94 23906
118 47 61976
118 117 47578
118 224 82436
44 189 78021
44 23 93713
44 132 19777
44 225 28790
44 63 979
44 157 5318
44 5 78474
44 219 73477
44 110 91116
44 220 90479
44 72 91061
44 203 28532
44 133 27448
44 202 59709
44 124 32786
44 161 64857
44 96 56772
44 144 55574
44 213 19295
44 205 98571
44 156 39061
44 160 15250
44 30 39793
44 68 99419
44 78 15533
44 149 11472
189 112 8912
189 69 65678
189 31 97297
189 201 44574
189 196 9541
189 28 45521
189 87 45861
189 206 57575
189 19 16990
189 51 23725
189 60 30715
189 173 24289
189 192 753
189 146 18390
189 128 43668
189 109 10412
189 6 44521
189 227 65665
189 190 25282
189 34 3972
189 106 23529
189 40 91055
189 68 83868
189 4 27700
189 172 65003
189 47 77005
189 37 73156
189 145 17511
112 38 33272
112 36 86397
112 204 11788
112 80 79206
112 140 66205
112 82 25673
112 196 29700
112 13 29654
112 65 22195
112 125 71496
112 33 44088
112 15 77035
112 157 39639
112 194 86561
112 219 41769
112 115 59099
112 143 82098
112 192 27478
112 146 53133
112 124 54926
112 11 5699
112 6 19766
112 52 80552
112 92 46196
112 227 56703
112 190 6947
112 205 56351
112 43 36472
112 105 94804
112 78 27796
38 222 56940
38 195 85154
38 211 49025
38 176 5128
38 147 43276
38 13 16213
38 157 73206
38 185 91583
38 110 22358
38 32 81532
38 107 49596
38 146 39868
38 11 78380
38 109 90790
38 150 23694
38 34 38768
38 40 76047
38 216 74898
38 89 1764
38 172 5105
38 22 52414
38 139 51590
38 55 83177
222 23 40270
222 211 13668
222 42 35103
222 196 20145
222 177 1896
222 157 57948
222 136 8039
222 110 83646
222 214 22983
222 168 70549
222 111 94544
222 173 10618
222 126 35662
222 72 78895
222 203 4695
222 169 68383
222 24 28447
222 52 30456
222 200 36021
222 88 47493
222 39 12569
222 64 61932
222 167 57886
23 36 0
23 204 4403
23 42 2239
23 201 72489
23 122 51766
23 151 43512
23 79 57453
23 33 14133
23 137 8176
23 48 49324
23 51 19361
23 74 17600
23 121 42388
23 24 67163
23 16 90425
23 109 78349
23 191 82099
23 12 28002
23 150 75685
23 213 23671
23 205 45978
23 106 9383
23 43 4465
23 183 38785
23 78 54073
23 46 66681
23 55 26636
36 195 83910
36 69 955
36 122 77752
36 9 9209
36 166 64951
36 151 41639
36 10 87583
36 63 84994
36 157 42899
36 133 15900
36 174 26374
36 24 97871
36 229 91315
36 67 51570
36 213 10488
36 34 96246
36 1 86632
36 64 82015
195 204 45403
195 54 39474
195 9 15267
195 137 92484
195 98 28584
195 111 92119
195 186 52441
195 133 23723
195 174 48065
195 11 25293
195 6 34532
195 213 50720
195 27 32858
195 94 88281
195 152 72186
195 139 60225
204 54 50029
204 80 1176
204 201 63532
204 122 6825
204 79 25675
204 62 20590
204 33 89024
204 137 62851
204 48 43348
204 87 44926
204 5 5376
204 110 38137
204 148 82501
204 214 32761
204 131 53148
204 164 46728
204 72 88987
204 203 2478
204 124 17950
204 161 89355
204 128 45720
204 96 28074
204 109 67537
204 52 20272
204 1 71376
204 94 0
204 89 71075
204 172 25219
204 46 12119
204 37 44232
54 56 73698
54 211 3599
54 42 83674
54 201 97084
54 122 63329
54 9 35281
54 13 41976
54 65 44069
54 157 55053
54 98 25399
54 32 33299
54 164 88795
54 143 82550
54 72 79578
54 103 98379
54 133 64434
54 202 43822
54 128 40478
54 100 67596
54 205 14190
54 183 26818
54 37 623
54 139 17744
56 114 18218
56 33 79616
56 25 57512
56 15 1074
56 63 46801
56 98 84960
56 143 65387
56 24 36716
56 11 52852
56 226 2464
56 229 47967
56 52 73747
56 159 52380
56 67 17565
56 106 24915
56 43 38088
56 218 17193
56 55 27046
114 211 1759
114 85 81024
114 13 15843
114 65 51749
114 62 23534
114 53 86240
114 48 99946
114 87 61434
114 63 22405
114 219 81699
114 164 71020
114 192 32903
114 133 50888
114 121 77146
114 52 49726
114 92 28343
114 213 52424
114 165 73060
114 152 46888
114 218 95542
211 2 46124
211 80 69996
211 31 35291
211 147 47715
211 166 36826
211 13 50852
211 15 69726
211 63 97085
211 214 55304
211 164 82899
211 111 62333
211 126 60752
211 161 82197
211 174 67647
211 191 5906
211 12 46900
211 67 66398
211 205 74975
211 160 41293
211 68 63028
211 43 96174
211 183 64369
211 94 52276
211 22 72183
211 149 92523
2 80 15096
2 71 60324
2 151 38310
2 13 89888
2 225 66177
2 157 84631
2 98 49510
2 185 16391
2 110 66312
2 168 82682
2 30 38856
2 216 46396
2 61 89636
80 132 42854
80 82 85431
80 71 9159
80 62 84044
80 45 75071
80 98 37379
80 168 40577
80 74 66063
80 103 11786
80 100 30373
80 96 17509
80 191 71894
80 144 11539
80 227 35995
80 34 64928
80 40 79776
80 27 98804
80 57 71922
80 22 74510
80 152 48791
80 149 63034
80 46 18124
80 210 18724
132 69 44079
132 122 33332
132 9 60437
132 13 66681
132 170 52467
132 206 16470
132 29 59471
132 157 84817
132 194 76953
132 219 41201
132 115 63380
132 154 9446
132 164 47572
132 133 1057
132 121 83480
132 96 97674
132 200 74276
132 92 43781
132 159 92794
132 144 3412
132 227 36328
132 156 95086
132 68 19352
132 216 40856
132 89 55273
132 172 82327
132 39 3041
132 22 81965
132 152 27056
132 47 85680
132 149 96219
132 46 67850
132 37 52589
132 117 4240
132 210 21659
132 145 59772
132 167 38078
69 42 80112
69 140 76470
69 83 88094
69 79 98432
69 62 37395
69 137 14211
69 115 72778
69 168 56514
69 192 19363
69 203 12279
69 191 61730
69 227 75069
69 99 32373
69 67 99283
69 4 82900
69 172 36565
69 152 47786
69 37 83770
42 184 51943
42 31 1445
42 201 80398
42 71 14471
42 147 51154
42 151 11549
42 10 7349
42 63 33681
42 194 51776
42 5 62605
42 32 41488
42 186 45361
42 174 17888
42 121 48973
42 16 13288
42 109 78237
42 6 83200
42 52 73762
42 165 16334
42 27 34355
42 43 57181
42 1 1410
42 94 70350
42 39 97767
42 64 0
42 55 19324
184 140 12258
184 166 12572
184 28 26726
184 154 15149
184 143 65625
184 186 83503
184 174 2577
184 121 78897
184 11 20913
184 109 75013
184 6 54600
184 159 65534
184 183 3030
184 78 1842
184 163 72196
184 117 98481
184 145 68411
140 31 94359
140 122 15435
140 147 91675
140 85 3490
140 83 34677
140 15 83056
140 29 17746
140 51 34042
140 194 47533
140 110 7448
140 131 28930
140 220 47249
140 164 61387
140 212 82318
140 16 20260
140 127 21460
140 227 95486
140 61 40633
140 4 86781
140 1 25809
140 57 79039
140 39 3594
140 47 97922
140 37 97620
31 201 1543
31 125 29226
31 33 79381
31 53 40985
31 25 13962
31 19 4496
31 29 79564
31 98 57790
31 20 53967
31 154 82966
31 186 96409
31 72 49160
31 100 67806
31 6 41128
31 159 76410
31 144 48932
31 213 16936
31 40 96789
31 117 45150
31 210 79118
31 104 74774
201 176 66517
201 147 49873
201 85 34653
201 207 56636
201 83 45184
201 19 50309
201 5 52585
201 164 98722
201 192 63415
201 124 10959
201 100 47036
201 229 13717
201 52 75722
201 92 49762
201 228 38415
201 150 54039
201 213 76975
201 34 85037
201 40 5750
201 181 66009
201 153 96616
201 224 11334
201 139 82588
201 230 4115
201 167 68695
176 122 58682
176 196 84249
176 137 75260
176 154 51191
176 186 16001
176 128 44163
176 96 64375
176 227 28457
176 172 8820
176 152 6517
122 82 28232
122 9 42964
122 151 78794
122 13 86494
122 28 39417
122 51 5879
122 32 47356
122 126 74698
122 202 21845
122 190 14528
122 40 83132
122 78 8035
122 46 90896
122 218 78193
122 55 48138
82 196 65890
82 13 59355
82 136 25574
82 110 90823
82 186 58092
82 169 31291
82 16 6097
82 109 17704
82 52 18354
82 67 5203
82 150 65590
82 205 80055
82 165 31091
82 160 96309
82 30 69376
196 9 42064
196 85 49233
196 48 74538
196 18 62782
196 5 73740
196 214 19341
196 32 72344
196 168 63181
196 192 1321
196 146 38399
196 99 20229
196 40 60263
196 61 26024
196 105 830
196 153 13943
196 89 3244
196 39 31984
196 47 66839
196 55 7319
196 167 16253
9 71 74107
9 137 84128
9 225 46134
9 5 98511
9 111 20852
9 107 47555
9 133 22416
9 161 66763
9 24 6109
9 92 11435
9 228 66940
9 99 34399
9 1 39561
9 117 9084
71 147 23193
71 79 70042
71 62 71162
71 25 37912
71 18 16406
71 185 73268
71 220 1019
71 164 38898
71 146 13859
71 124 44797
71 52 81397
71 200 72723
71 144 21698
71 67 24398
71 30 4978
71 27 30394
71 183 29187
71 94 74949
71 37 37415
71 210 20106
71 139 9800
71 230 52133
71 167 71839
147 166 51815
147 13 83542
147 65 83075
147 225 12170
147 48 15363
147 25 7769
147 18 8750
147 29 49578
147 219 13243
147 60 19840
147 220 55650
147 143 74784
147 124 19103
147 100 70609
147 200 31202
147 144 7243
147 99 25027
147 67 91963
147 150 27324
147 106 26414
147 40 32552
147 61 1295
147 22 45496
147 152 93826
147 145 17671
147 218 40473
166 85 44333
166 151 76504
166 177 19438
166 45 94424
166 185 41241
166 148 34902
166 35 96799
166 168 24806
166 203 25302
166 124 57825
166 92 4030
166 165 92588
166 160 78954
166 94 19289
166 89 97758
166 39 44665
166 152 50218
166 167 80768
85 151 62650
85 79 77325
85 48 11116
85 29 79785
85 20 29990
85 148 93570
85 6 41329
85 229 60560
85 227 2564
85 150 62351
85 216 57632
85 1 3167
85 78 82174
85 94 34229
85 89 58394
85 37 58615
151 13 63917
151 225 43822
151 63 70778
151 5 91957
151 154 83218
151 35 98438
151 168 35003
151 164 98925
151 229 97652
151 150 84428
151 106 97853
151 156 23283
151 43 26495
151 61 89050
151 1 59977
151 78 97623
151 152 8788
151 104 45880
13 207 95199
13 79 45830
13 65 89567
13 125 48605
13 212 90519
13 186 17650
13 16 51961
13 159 69218
13 213 22847
13 205 68648
13 156 65642
13 68 43699
13 27 87965
13 43 71240
13 181 90015
13 78 36549
13 117 82632
13 230 13518
207 83 21728
207 137 96140
207 53 24375
207 63 94932
207 29 9807
207 194 92333
207 219 14204
207 185 65771
207 174 89673
207 16 11764
207 127 68942
207 227 98254
207 205 91001
207 34 64265
207 106 56878
207 61 55131
207 172 28426
207 39 83544
207 145 75751
83 79 55259
83 225 79021
83 206 53243
83 98 15981
83 219 36476
83 220 54777
83 174 80661
83 96 7194
83 205 94420
83 40 9017
83 105 50112
83 163 63995
83 22 95995
83 149 23772
83 37 1969
79 65 9906
79 219 69452
79 107 98396
79 173 1078
79 72 16881
79 96 85682
79 226 38569
79 52 9005
79 144 98391
79 106 94325
79 160 97102
79 4 47254
79 105 54015
79 47 52592
79 224 23218
79 145 71191
79 218 15677
79 167 70737
65 125 41513
65 137 20464
65 185 99015
65 154 55328
65 35 33202
65 168 75912
65 126 64156
65 186 68840
65 146 62440
65 202 90493
65 88 59621
65 159 36553
65 68 32812
65 1 21804
65 39 32564
65 145 20272
65 218 81808
125 62 43314
125 177 46279
125 20 25105
125 103 2709
125 146 43181
125 124 78182
125 174 94602
125 96 85636
125 191 83075
125 99 98470
125 205 84367
125 106 35593
125 1 98134
125 47 17538
62 33 54936
62 15 82775
62 60 20508
62 164 83626
62 192 17929
62 203 6222
62 16 24891
62 96 45033
62 127 3168
62 88 74177
62 159 38769
62 67 24624
62 94 24192
62 22 70405
62 47 43330
62 149 30492
62 37 34733
62 210 58568
62 64 92279
33 10 69220
33 45 30399
33 51 40726
33 148 3074
33 212 84931
33 111 46568
33 100 47369
33 88 92779
33 159 55121
33 30 3704
33 68 66860
33 1 44945
33 39 50314
33 46 14381
33 224 64851
33 104 32566
10 137 67670
10 177 86317
10 170 73851
10 19 76029
10 214 54584
10 128 7544
10 200 89387
10 88 43830
10 67 90743
10 150 1731
10 213 60174
10 34 85557
10 106 46803
10 160 67199
10 40 94544
10 68 36577
10 4 87123
10 89 82791
10 172 86161
10 22 24732
10 210 59394
137 177 97385
137 28 58481
137 87 94998
137 63 16719
137 51 42831
137 35 81077
137 186 79948
137 133 713
137 16 31972
137 127 62770
137 52 4128
137 88 73694
137 99 22427
137 34 16580
137 4 22390
137 78 46616
137 89 59017
137 46 32670
137 104 52964
177 225 13913
177 170 54282
177 45 74796
177 136 37241
177 98 43317
177 20 92872
177 148 13613
177 208 280
177 133 56632
177 202 45677
177 169 27066
177 109 27993
177 99 82055
177 12 42005
177 67 47571
177 61 55557
177 149 1831
177 37 67210
177 117 24770
177 145 74352
177 104 76528
225 170 51090
225 25 72446
225 45 96860
225 148 39563
225 115 30847
225 212 23019
225 72 21790
225 174 5949
225 16 75812
225 127 96111
225 200 99536
225 228 71998
225 213 62542
225 190 94513
225 40 4985
225 43 82911
225 183 77700
170 53 88559
170 148 37242
170 164 6059
170 126 78989
170 186 88562
170 192 88858
170 146 82880
170 169 49380
170 92 54495
170 99 91608
170 150 76686
170 205 12839
170 153 25909
53 48 18396
53 87 44860
53 19 98248
53 98 8525
53 219 55366
53 185 29981
53 110 61248
53 214 70600
53 131 36285
53 208 77288
53 168 74767
53 212 17229
53 111 72056
53 126 38477
53 128 17278
53 100 38454
53 6 74369
53 127 44878
53 191 54398
53 159 4660
53 228 71509
53 40 61372
53 27 23624
53 216 92265
53 57 20520
53 163 19114
48 28 9922
48 87 54294
48 63 16633
48 194 8255
48 185 51068
48 110 77621
48 154 49488
48 32 64259
48 72 71720
48 100 28035
48 121 25401
48 6 67493
48 144 43618
48 227 53851
48 213 33657
48 1 97621
48 94 19626
48 39 39786
48 37 2722
48 64 76503
28 87 73089
28 25 41908
28 194 56883
28 5 31148
28 168 96569
28 126 91737
28 186 10097
28 133 17011
28 202 40755
28 109 16386
28 40 91303
28 30 41654
28 183 65569
28 1 48825
28 163 76542
28 22 67601
28 139 75821
28 167 60897
87 25 72627
87 19 71992
87 157 48863
87 148 19693
87 32 93167
87 220 14921
87 192 66855
87 133 7346
87 100 69718
87 6 71285
87 52 20019
87 190 11373
87 153 6302
87 37 9272
87 224 14112
87 230 29507
87 218 45284
25 206 61146
25 164 10956
25 212 58366
25 143 85616
25 126 15435
25 128 1961
25 169 60409
25 200 25036
25 150 69848
25 216 85374
25 94 53993
25 89 44603
25 46 80293
25 210 20940
25 145 14075
25 139 52481
25 167 2820
206 15 9745
206 148 49089
206 107 54530
206 174 70892
206 159 53539
206 227 86833
206 27 13824
206 216 90718
206 22 97377
206 224 58823
206 145 17638
15 18 41807
15 29 63116
15 98 35941
15 110 42538
15 32 55227
15 74 42215
15 124 92805
15 6 46284
15 127 37589
15 200 35473
15 37 33634
15 145 17992
15 167 99410
18 45 54904
18 157 99198
18 20 47809
18 214 52039
18 115 24715
18 32 24585
18 168 10492
18 107 12906
18 100 35280
18 229 88198
18 88 76876
18 144 63042
18 12 94653
18 40 21801
18 183 27870
18 105 81532
18 117 41360
18 210 6806
45 19 89948
45 98 87036
45 60 62307
45 186 16000
45 202 69695
45 159 99705
45 144 90757
45 106 38820
45 165 7090
45 4 22584
45 1 99636
45 78 27545
45 94 15333
45 37 2199
45 104 28991
45 167 71712
19 63 51652
19 194 60183
19 219 45484
19 35 4782
19 208 96581
19 161 31592
19 144 54470
19 67 2225
19 160 7122
19 181 94952
19 4 64397
19 105 21650
19 47 22350
63 29 23037
63 136 49178
63 219 13084
63 192 72201
63 146 83284
63 96 71675
63 127 95390
63 159 25119
63 213 91234
63 205 94202
63 160 80398
63 181 30879
63 4 54716
63 1 80557
63 57 42558
63 89 15946
63 22 67236
63 145 46437
63 139 82047
29 157 97992
29 20 7363
29 219 75359
29 131 83495
29 168 20063
29 24 31761
29 191 90741
29 159 89012
29 99 33054
29 205 56099
29 165 43039
29 160 43827
29 30 10764
29 57 83826
29 152 28633
29 46 75947
29 218 32686
157 51 83741
157 5 71291
157 164 26800
157 74 5540
157 126 39804
157 133 38229
157 202 22972
157 100 53397
157 127 69555
157 150 17174
157 190 58415
157 205 33149
157 4 78427
157 153 70006
157 172 59710
157 145 34396
157 167 57865
51 194 12252
51 219 3117
51 208 36179
51 143 54707
51 202 29353
51 124 3563
51 226 58764
51 127 2981
51 67 916
51 205 85020
51 43 71229
51 89 24346
51 210 73379
51 145 7297
51 64 1694
194 136 194
194 164 45949
194 202 91744
194 124 31153
194 174 3383
194 121 63453
194 109 48150
194 200 82618
194 30 75614
194 216 45434
194 78 40216
194 117 87338
194 64 20957
194 167 2165
136 98 49709
136 5 82234
136 60 94595
136 214 61697
136 32 87611
136 212 17234
136 111 89458
136 173 77065
136 146 84234
136 121 40914
136 109 50494
136 127 74467
136 99 85691
136 43 42748
136 181 75616
136 1 57991
136 78 58715
136 89 22462
136 39 55387
136 224 10517
136 230 82118
136 167 38985
98 20 85792
98 148 92301
98 164 13699
98 74 44658
98 202 14630
98 161 22561
98 16 65193
98 6 90316
98 12 91230
98 156 2911
98 160 69696
98 43 30205
98 105 60328
98 57 53871
98 163 7525
98 139 73291
98 230 39656
98 55 31445
20 5 92180
20 185 86342
20 60 67464
20 220 62062
20 164 51960
20 74 36957
20 192 53152
20 109 38092
20 52 26274
20 92 44604
20 213 21941
20 43 57489
20 61 52021
20 4 23065
20 139 34016
5 219 43346
5 60 41861
5 168 98891
5 212 62734
5 143 41274
5 72 42170
5 146 63724
5 133 33319
5 161 63582
5 16 94562
5 229 3585
5 52 25949
5 227 69702
5 181 64304
5 94 88877
5 37 58848
5 224 97179
5 230 92064
5 104 61747
219 185 20335
219 35 26073
219 146 76180
219 52 27390
219 227 61223
219 99 11185
219 46 15008
219 224 22029
219 210 84874
185 110 72698
185 173 12243
185 72 27137
185 103 50096
185 100 46013
185 229 69992
185 191 516
185 181 63132
185 172 23912
185 22 8763
185 224 92891
185 145 81603
185 218 26519
110 60 33241
110 214 95315
110 174 44755
110 200 87053
110 191 32820
110 183 5422
110 163 69673
110 149 35410
110 210 92645
110 139 10061
60 148 27466
60 164 45321
60 107 70738
60 203 14081
60 96 63963
60 52 2737
60 92 85
60 144 20046
60 12 19423
60 165 65465
60 105 27336
60 1 56557
60 153 22748
60 89 11959
60 172 90802
60 230 54599
148 214 31620
148 192 47584
148 169 98405
148 11 16404
148 229 80155
148 127 84037
148 99 57066
148 190 89673
148 165 11183
148 160 79272
148 68 23482
148 61 69939
148 183 27111
148 78 91988
148 39 77153
148 152 15950
148 218 30982
214 131 37156
214 168 71394
214 107 99717
214 146 24972
214 226 49704
214 88 81297
214 191 88287
214 144 68318
214 106 38793
214 165 35390
214 30 29734
214 68 74715
214 27 31528
214 4 15251
214 163 91260
214 47 15892
131 115 20252
131 143 26037
131 186 48475
131 174 67942
131 24 67284
131 109 59723
131 92 61284
131 165 52427
131 1 98363
131 153 73589
131 22 56252
131 210 20341
131 218 92538
131 55 83782
115 154 46840
115 74 54444
115 126 51808
115 103 85873
115 100 41995
115 24 62696
115 11 95833
115 229 13711
115 52 41428
115 88 93228
115 191 93615
115 228 95214
115 190 30481
115 205 57091
115 156 85848
115 160 35743
115 181 40583
115 216 6435
115 153 13620
115 163 93338
115 145 59176
115 218 40693
115 64 2194
115 55 19627
154 35 68445
154 168 60077
154 203 92305
154 128 77313
154 24 52509
154 109 70108
154 92 52317
154 40 26697
154 1 0
154 218 4661
35 32 7989
35 208 6110
35 164 99162
35 212 81224
35 74 26215
35 173 53582
35 186 4198
35 192 51782
35 124 67867
35 109 51920
35 127 50633
35 52 5023
35 228 28460
35 67 94835
35 190 96881
35 106 44697
35 165 77594
35 160 69855
35 27 52165
35 37 54858
35 224 10840
35 104 3051
32 220 9644
32 164 56969
32 72 10
32 203 78698
32 24 1874
32 200 6951
32 190 1
32 34 6156
32 165 89789
32 27 35130
32 22 61225
32 230 98752
32 64 34648
32 55 54063
220 208 27525
220 173 92033
220 161 33024
220 229 2285
220 40 74473
220 43 78481
208 168 82296
208 126 89905
208 103 2613
208 100 29711
208 174 30467
208 6 64838
208 144 65822
208 227 45978
208 99 9437
208 213 19369
208 34 23344
208 40 44573
208 68 9318
208 27 1362
208 216 71962
208 1 42878
208 22 84491
208 47 19134
168 164 21710
168 100 92507
168 174 78992
168 96 61249
168 6 70846
168 191 70602
168 160 84621
168 43 52399
168 183 62850
168 94 37180
168 152 20183
168 210 27997
168 145 82590
168 167 10307
164 212 30360
164 111 93680
164 126 34888
164 192 90337
164 12 84509
164 150 91486
164 43 70629
164 4 83613
164 1 90473
164 149 50420
164 224 77384
164 218 28802
212 74 82662
212 103 21863
212 202 81750
212 11 82582
212 190 13729
212 156 90055
212 68 58583
212 78 89669
212 39 17718
212 152 35236
212 210 48563
212 104 34647
74 143 83024
74 133 20915
74 24 46487
74 109 1851
74 165 78407
74 57 52346
74 89 37489
74 145 25220
143 111 77322
143 173 85342
143 186 72770
143 174 94966
143 11 8959
143 30 16436
143 181 83028
143 172 11344
143 145 86278
143 104 19294
111 107 8175
111 173 45529
111 72 94417
111 203 10096
111 128 9225
111 174 82469
111 226 33977
111 229 89564
111 52 24767
111 88 6665
111 213 17138
111 216 76639
111 57 48154
111 163 31880
111 152 84660
111 230 9846
111 64 72908
107 173 48653
107 103 23629
107 92 37102
107 227 60719
107 190 38510
107 105 24885
107 172 64552
107 149 71947
107 55 7392
173 126 82282
173 186 45862
173 96 2000
173 191 34517
173 159 53366
173 156 7503
173 181 92905
173 216 97065
173 172 39717
173 152 77598
126 186 46538
126 174 30618
126 169 96386
126 191 40767
126 34 14719
126 106 81272
126 160 52073
126 181 78451
126 46 33462
126 37 47853
126 145 35701
186 192 35132
186 146 56403
186 133 23137
186 11 28738
186 127 83856
186 156 20752
186 57 43953
186 163 52852
186 139 93826
192 72 19607
192 203 64161
192 133 37041
192 24 32360
192 200 63288
192 12 55578
192 160 77056
192 27 62328
192 89 78037
192 39 60654
192 149 30201
192 117 32718
192 167 14545
72 103 44330
72 133 18664
72 202 23227
72 100 34170
72 174 75859
72 96 55518
72 191 26886
72 190 81583
72 106 88016
72 160 47455
72 68 93294
72 39 8217
72 47 16767
72 167 3486
103 203 12955
103 174 53696
103 169 43006
103 109 1566
103 6 87370
103 144 35128
103 227 3205
103 99 83368
103 190 39723
103 34 56863
103 160 13491
103 216 62032
103 152 71346
103 230 51408
103 218 34093
103 104 0
203 146 68985
203 161 54800
203 100 9665
203 24 16348
203 228 83214
203 213 72470
203 89 65618
203 145 57186
203 167 51212
146 133 49930
146 24 36773
146 11 18634
146 96 21408
146 6 95362
146 127 27662
146 150 73477
146 165 69011
146 40 11820
146 27 35567
146 1 83740
146 153 51561
146 37 3369
146 224 74422
146 210 60787
133 202 44941
133 161 72793
133 16 60439
133 96 52810
133 153 86804
133 117 15121
202 124 50924
202 169 91177
202 12 99510
202 205 18598
202 34 62566
202 43 39779
202 105 68420
202 117 51109
202 104 27224
124 161 40609
124 16 10183
124 52 25710
124 106 28139
124 160 13752
124 153 46762
124 163 36560
124 172 53620
124 37 23245
161 128 61408
161 121 83378
161 16 62863
161 11 48889
161 6 1279
161 52 4504
161 159 1903
161 43 44096
161 39 27945
161 47 57054
161 167 96961
128 100 6102
128 11 67571
128 88 98246
128 159 8814
128 68 61230
128 181 38614
128 216 236
128 105 53509
128 153 88341
128 47 90001
128 37 65737
128 210 75270
100 174 74784
100 121 98131
100 159 88300
100 144 5874
100 156 84522
100 165 19020
100 153 24581
100 152 54359
100 47 68746
100 149 53203
100 139 21853
174 169 28592
174 121 45328
174 52 29708
174 191 18240
174 144 87264
174 213 73166
174 205 80227
174 156 11856
174 55 90970
169 121 76849
169 11 81975
169 96 23740
169 229 55879
169 159 30074
169 34 13814
169 117 81467
121 24 35180
121 6 62746
121 30 40700
121 4 93177
121 152 5539
121 37 43089
121 218 72035
24 16 37125
24 11 89749
24 67 72945
24 150 11127
24 57 411
24 149 54793
24 139 25234
24 64 88367
24 167 47267
16 11 15390
16 226 44925
16 127 23652
16 92 74242
16 191 42867
16 144 12279
16 67 7966
16 150 72146
16 205 21765
16 27 47880
16 4 96317
16 105 59616
16 153 45970
16 163 44474
16 46 87389
11 96 12349
11 88 85170
11 150 79546
11 165 19804
11 163 38424
11 22 89216
11 230 58170
96 226 53872
96 144 63675
96 228 70523
96 99 10097
96 30 64199
96 1 48540
96 94 65938
96 172 80702
96 39 5304
96 47 88161
96 46 84201
226 109 80990
226 159 9614
226 67 37438
226 213 19845
226 205 47880
226 22 97399
226 37 91663
226 210 55653
109 6 81747
109 127 29211
109 12 84245
109 213 43557
109 78 30606
109 172 49410
109 152 73002
109 37 17760
6 229 62988
6 92 96091
6 144 76397
6 228 5256
6 12 69375
6 150 45651
6 165 23972
6 30 29907
6 181 97299
6 4 87886
6 117 6487
6 224 33063
6 218 90383
6 64 20578
6 167 97807
229 127 68440
229 200 23661
229 92 83039
229 34 1300
229 181 66366
229 61 76590
229 78 46874
229 39 41907
229 152 53441
127 52 80973
127 40 56610
127 30 88050
127 68 95457
127 181 16014
127 89 21703
127 145 49743
127 230 39857
52 200 54202
52 144 26275
52 156 91315
52 27 4194
52 181 10499
52 153 25651
52 47 16098
52 149 78139
52 64 17633
52 167 53906
200 88 24465
200 27 52746
200 43 56389
200 4 73423
200 153 45234
200 47 98480
88 92 48911
88 191 60685
88 12 20153
88 190 76233
88 205 1969
88 156 91093
88 27 79829
88 43 61474
88 153 16757
88 94 84677
88 172 57424
88 22 10588
88 152 26936
88 46 1183
92 191 11216
92 106 80385
92 57 14331
92 149 4041
92 139 9847
92 104 76904
191 159 546
191 67 473
191 190 16352
191 106 34363
191 160 39717
191 40 2155
191 27 4420
191 43 70956
191 1 93884
191 153 22688
191 163 75361
191 89 65240
191 152 6914
191 46 24793
159 144 22752
159 150 12974
159 213 53101
159 190 28751
159 106 33203
159 40 28658
159 1 64062
159 145 67613
144 227 88536
144 156 33366
144 30 4657
144 43 10141
144 4 95007
144 1 2973
144 57 21890
144 172 65383
144 152 51375
144 218 84655
144 64 85797
227 228 47152
227 34 78931
227 40 52060
227 27 8650
227 78 70313
227 172 92063
227 47 21659
227 104 38799
228 99 80790
228 34 17583
228 156 86422
228 43 62676
228 172 84361
228 47 1317
228 117 36160
228 64 12228
99 12 96308
99 213 85824
99 190 79934
99 165 19704
99 61 66840
99 105 29373
99 94 747
99 89 68710
99 47 77742
99 224 44646
12 67 47958
12 190 92153
12 205 50627
12 27 74927
12 153 40144
12 37 87569
67 150 63568
67 34 89601
67 40 33842
67 27 69695
67 105 10890
67 163 38348
67 152 62664
67 64 89873
67 55 96780
150 213 78243
150 216 29744
150 61 92345
150 57 34314
150 167 48056
213 190 79416
213 156 19337
213 4 95923
213 89 40029
213 218 19071
190 205 98451
190 27 40477
190 22 992
190 230 16824
190 55 39904
205 34 35111
205 183 49212
205 1 41362
205 37 95572
205 139 96994
34 106 91960
34 30 56308
34 27 46408
34 4 30281
34 105 4211
34 145 94742
34 139 44792
34 167 14698
106 156 85993
106 40 67814
106 61 35672
106 1 22621
106 89 7064
106 39 78281
106 152 49979
106 47 43354
106 224 2107
106 167 39191
156 165 37344
156 43 31648
156 149 19909
156 46 70574
165 160 94430
165 39 74350
165 117 71176
165 210 58512
165 139 18319
160 40 93901
160 30 25404
160 4 8612
160 1 21554
160 57 63566
160 163 21395
160 149 53209
160 117 9002
160 224 21867
160 145 58552
160 230 45363
40 30 65072
40 43 76732
40 47 16890
40 64 45858
30 68 60977
30 149 2132
30 46 96955
30 210 93411
68 27 80251
68 163 13228
68 89 23799
27 43 42308
27 1 69610
27 46 70784
27 218 97232
27 55 48560
43 181 80877
43 37 89498
43 224 76798
43 167 80595
181 216 26772
181 4 56529
181 78 87832
181 57 88570
181 153 5244
181 149 99762
181 210 68824
181 230 99008
181 64 90146
181 55 14183
216 61 57013
216 153 15782
216 172 24850
216 22 18668
216 139 97746
216 218 71216
61 4 17699
61 105 91073
61 37 99999
4 183 33401
4 89 60581
4 152 36501
4 46 74643
4 37 73565
183 105 60039
183 1 67219
183 153 52106
183 22 3490
183 47 77098
183 46 78294
183 64 50348
183 167 88156
105 1 28570
105 47 96491
105 46 93116
105 210 37736
105 230 5889
105 55 92595
1 78 37610
1 89 54557
1 39 24158
1 117 28105
1 167 62166
78 57 19720
78 117 5596
78 145 24170
57 153 86858
57 104 94505
153 163 77612
153 94 55185
153 145 49244
153 55 74123
163 94 87063
163 152 13498
163 224 13741
163 139 68163
94 39 32681
94 64 75528
94 55 27592
89 39 8454
89 22 29338
89 149 62607
89 46 80879
172 22 13923
172 46 58400
172 145 90935
172 139 97661
172 55 60466
172 104 32508
39 117 75756
39 139 2120
39 64 36378
152 210 58287
47 224 15677
47 145 46137
47 139 62018
149 139 51513
149 55 33218
46 139 94607
46 218 46482
37 224 48820
37 218 34132
224 230 25639
145 104 40722
230 104 86640
218 55 55521
218 104 82799
