230 3454
89 142 93514
89 40 47772
89 101 71395
89 223 33652
89 51 29123
89 32 37405
89 150 42680
89 156 40430
89 60 75857
89 138 74511
89 167 2982
89 2 63047
89 224 90121
89 116 70863
89 192 45801
89 176 80574
89 153 98381
89 122 56502
89 162 89747
89 111 59936
89 75 76582
89 67 22765
89 23 73558
89 132 76511
89 103 7992
89 164 4671
89 35 38581
89 50 41126
89 53 32655
142 174 41615
142 223 94771
142 190 70342
142 150 68281
142 26 89124
142 140 36071
142 107 25814
142 144 10764
142 9 19712
142 25 7876
142 154 99634
142 47 87141
142 146 41755
142 113 47902
142 61 34419
142 97 69733
142 176 84285
142 122 31206
142 106 39003
142 115 9443
142 207 16751
142 152 66603
142 148 93343
142 66 37213
142 111 48863
142 69 45212
142 178 26970
142 81 93834
142 56 39785
142 215 1626
142 171 16044
142 179 36152
142 184 65224
142 108 61424
142 104 10213
142 57 78473
142 173 75830
142 11 57209
142 145 35979
40 211 63622
40 123 34307
40 174 31018
40 42 68168
40 117 75331
40 128 39269
40 114 68413
40 154 85614
40 134 48716
40 3 84035
40 200 32478
40 151 3898
40 181 94903
40 62 61570
40 148 44135
40 94 57080
40 81 80143
40 67 15043
40 120 88540
40 30 34520
40 124 58169
40 73 99798
40 29 97435
40 28 86174
101 212 42394
101 64 63655
101 42 87122
101 169 30162
101 82 21052
101 139 1578
101 5 81448
101 140 29779
101 83 19189
101 12 39082
101 198 25025
101 137 57753
101 200 52942
101 21 35017
101 24 72893
101 181 50708
101 91 62411
101 127 11146
101 152 15063
101 118 93364
101 216 88638
101 75 97894
101 20 51532
101 112 20447
101 31 43281
101 129 27505
101 164 77307
101 227 66068
101 193 81010
101 208 31559
101 78 10357
101 28 92924
211 212 14964
211 223 69062
211 185 37285
211 214 88063
211 64 54276
211 42 11787
211 109 43736
211 26 28075
211 199 886
211 4 88487
211 65 94211
211 189 42760
211 17 51091
211 15 7070
211 58 94126
211 146 95607
211 192 50215
211 10 15401
211 48 44934
211 153 26895
211 188 9693
211 94 65121
211 118 37182
211 147 86337
211 168 25504
211 158 41665
211 59 16992
211 38 11516
211 50 83656
211 159 14887
211 87 92140
211 173 47877
211 203 48630
212 135 82488
212 160 93265
212 199 50097
212 107 99116
212 54 19010
212 144 56571
212 90 66973
212 95 46614
212 206 67019
212 137 81257
212 93 4452
212 113 12142
212 61 69213
212 152 25417
212 111 18144
212 147 28089
212 191 55600
212 112 99065
212 220 21831
212 158 98666
212 195 40317
212 187 65037
123 174 28067
123 100 62424
123 32 79971
123 79 869
123 150 2210
123 204 55273
123 117 22481
123 54 77346
123 114 82891
123 72 37332
123 95 20276
123 210 12621
123 134 1483
123 228 41564
123 198 63657
123 153 83701
123 24 4738
123 207 75588
123 19 45408
123 130 13180
123 179 91619
123 132 73330
123 30 56692
123 18 75439
123 108 45366
123 73 63224
123 85 20194
123 87 94525
123 208 96881
123 173 84725
174 214 47415
174 51 84117
174 201 84867
174 135 86931
174 63 46053
174 139 63508
174 177 76589
174 102 69706
174 4 71518
174 128 13680
174 229 70189
174 224 83218
174 95 80802
174 12 59199
174 37 60062
174 77 82162
174 198 5700
174 209 79099
174 188 3106
174 219 64392
174 183 384
174 112 18973
174 184 47861
174 230 51721
174 108 83830
174 164 58430
174 59 39434
174 121 26076
174 68 37001
174 173 43039
223 79 26195
223 175 62308
223 156 22574
223 170 42717
223 26 48325
223 169 52361
223 60 27201
223 213 83277
223 92 86863
223 45 2161
223 1 61975
223 12 56777
223 3 68302
223 37 96880
223 228 10102
223 137 28370
223 153 83548
223 24 89422
223 22 78853
223 181 26
223 62 60747
223 16 81686
223 44 32383
223 148 83342
223 8 23368
223 171 85312
223 126 12966
223 31 20983
223 230 27963
223 52 69021
223 59 76668
223 227 78908
223 121 12510
223 29 44111
223 28 45623
223 145 1931
190 170 85797
190 26 50589
190 41 95419
190 138 98701
190 213 36801
190 155 94556
190 98 42939
190 2 86012
190 154 30977
190 96 31636
190 134 11125
190 3 919
190 116 86794
190 146 49995
190 198 49916
190 209 50202
190 181 98401
190 106 4545
190 127 71858
190 230 27252
190 103 43229
190 136 79998
190 197 45160
190 159 76808
190 173 54852
100 201 6783
100 205 42687
100 41 28754
100 63 31198
100 117 18235
100 65 60062
100 72 79506
100 96 10842
100 37 52126
100 43 97320
100 137 61589
100 200 11292
100 93 6366
100 97 63770
100 84 12424
100 106 89425
100 226 9114
100 218 46626
100 162 26780
100 161 14558
100 49 25689
100 56 7444
100 168 98606
100 31 1629
100 52 15243
100 87 64321
100 53 57812
185 214 8917
185 182 42106
185 205 82813
185 140 91633
185 224 45812
185 72 44951
185 180 45381
185 88 72028
185 149 59390
185 34 35084
185 113 54776
185 24 96400
185 91 3901
185 127 92927
185 221 81358
185 162 56265
185 66 69077
185 118 39864
185 69 51390
185 178 38043
185 125 27729
185 171 78754
185 120 57197
185 31 27831
185 110 81969
185 68 92667
185 11 9435
214 175 6394
214 109 32476
214 170 58517
214 26 75637
214 82 68829
214 14 63524
214 140 56955
214 2 34512
214 114 8475
214 72 36208
214 1 63442
214 95 92353
214 25 27156
214 206 50354
214 12 15051
214 15 36254
214 165 81673
214 113 70897
214 48 32674
214 61 11363
214 22 87709
214 188 41934
214 218 32399
214 221 20093
214 152 13829
214 71 24927
214 216 3134
214 20 66197
214 125 29073
214 171 976
214 179 2700
214 129 69308
214 164 41053
214 227 42474
214 110 41202
214 197 50223
214 159 24416
214 76 80227
214 208 42616
51 109 57935
51 26 95886
51 205 4198
51 82 35176
51 5 3412
51 72 96458
51 45 1118
51 95 73182
51 166 87333
51 47 52392
51 58 71110
51 194 81309
51 133 47072
51 48 19491
51 97 71193
51 218 99570
51 162 68040
51 86 99268
51 148 75451
51 94 68157
51 20 93436
51 13 45138
51 147 93570
51 125 82356
51 126 22347
51 179 97665
51 30 43871
51 222 34663
51 227 68661
51 104 55379
64 182 77367
64 26 7099
64 82 15931
64 117 94056
64 141 29546
64 213 80713
64 202 75616
64 134 91404
64 58 9612
64 165 12733
64 93 19686
64 10 38019
64 97 90936
64 39 61511
64 148 85669
64 118 24387
64 111 77392
64 75 64012
64 105 10026
64 130 81048
64 81 21067
64 56 28959
64 158 68523
64 124 10580
64 227 92242
64 186 46889
64 121 30287
64 50 61702
64 11 12590
64 78 29724
64 145 14785
182 201 26697
182 169 78550
182 204 33131
182 177 25210
182 60 37786
182 14 65550
182 202 85260
182 65 35757
182 45 3012
182 95 97219
182 210 66999
182 3 85505
182 58 31800
182 88 89606
182 99 10540
182 188 7785
182 218 10270
182 62 4594
182 161 47163
182 126 6861
182 112 33946
182 184 17458
182 168 4305
182 124 80479
182 36 47694
182 35 99159
182 172 77110
182 197 46737
182 104 15764
182 74 49031
182 208 87934
182 203 51205
182 11 48876
201 160 37328
201 204 83332
201 41 46169
201 199 47393
201 138 44686
201 144 43759
201 229 92533
201 224 32240
201 65 16185
201 45 97357
201 83 38920
201 1 36428
201 17 33923
201 3 78545
201 228 45145
201 198 58563
201 34 25266
201 181 24574
201 219 31209
201 69 21599
201 119 4617
201 19 7540
201 8 49304
201 131 5565
201 130 23320
201 171 98778
201 67 30029
201 132 39505
201 52 18153
201 129 27013
201 158 23900
201 222 5341
201 85 81931
201 121 79941
201 110 65677
201 6 78879
201 197 68187
201 159 23371
201 87 31287
201 203 57766
42 32 44376
42 109 52039
42 139 37330
42 117 56574
42 141 85372
42 213 40801
42 14 65630
42 54 99858
42 92 83070
42 45 19912
42 189 30434
42 47 82953
42 3 58029
42 37 14311
42 198 11217
42 93 60848
42 133 4162
42 10 37941
42 176 15448
42 188 72716
42 106 56246
42 44 4661
42 20 25735
42 130 3016
42 33 1740
42 120 10005
42 222 49465
42 7 58933
42 172 91314
42 87 82912
32 82 48138
32 41 32853
32 138 18368
32 4 86047
32 167 5366
32 180 64679
32 95 61390
32 206 3223
32 154 29517
32 21 72263
32 181 85824
32 86 35910
32 19 34787
32 8 67178
32 13 19105
32 131 37382
32 81 44716
32 30 38387
32 222 18252
32 73 22586
32 74 30949
32 11 19006
32 78 37668
135 83 71228
135 90 60335
135 149 54506
135 43 97432
135 122 31764
135 226 64010
135 207 94013
135 44 4179
135 86 32484
135 69 10048
135 8 38508
135 131 22793
135 171 88145
135 27 34874
135 112 44588
135 67 13396
135 31 79259
135 108 50031
135 121 40328
79 109 83362
79 170 78619
79 41 70576
79 177 82374
79 213 60221
79 140 55571
79 107 89495
79 166 4214
79 3 81192
79 37 55296
79 77 74842
79 149 71131
79 39 11290
79 16 46210
79 94 39160
79 131 26539
79 184 4317
79 132 26579
79 52 59490
79 164 47064
79 195 89374
79 121 51974
79 38 46889
79 7 81324
79 46 36477
79 29 53118
79 78 37224
175 160 87958
175 169 68798
175 102 51597
175 225 62452
175 65 42894
175 166 33435
175 25 73002
175 134 12605
175 198 67265
175 10 74947
175 153 77053
175 22 25929
175 16 42235
175 152 28590
175 162 2505
175 71 73517
175 147 79313
175 81 14582
175 27 88113
175 23 51695
175 18 49370
175 187 70336
175 203 98078
175 28 4362
109 41 60393
109 117 71077
109 5 94663
109 138 56621
109 14 44324
109 167 98611
109 114 30323
109 180 11519
109 37 20642
109 228 80492
109 15 51431
109 200 97504
109 48 56322
109 209 61486
109 153 23125
109 217 73811
109 161 55756
109 49 62161
109 20 43477
109 171 40603
109 33 62902
109 27 76146
109 132 47828
109 59 50814
109 195 90683
109 7 41501
109 172 79033
109 159 45922
109 53 26684
109 76 73558
109 203 43971
150 204 44973
150 140 29711
150 128 33246
150 2 1139
150 144 84127
150 114 76479
150 202 38366
150 229 82903
150 72 8267
150 83 75799
150 25 36578
150 47 13725
150 3 71529
150 146 33002
150 99 3227
150 209 90363
150 97 88442
150 122 3811
150 13 61321
150 105 85531
150 171 80999
150 33 20680
150 52 28806
150 103 9801
150 222 13611
150 197 77043
150 173 96176
150 203 58529
156 138 23999
156 45 25121
156 15 16053
156 198 27926
156 192 78029
156 113 94466
156 39 84421
156 84 17982
156 55 88889
156 91 54374
156 143 44440
156 16 73358
156 94 70584
156 161 12468
156 13 8186
156 81 41168
156 56 30135
156 80 98808
156 230 21566
156 18 1617
156 222 26099
156 57 2281
170 82 70981
170 72 43638
170 189 44210
170 25 52824
170 3 30426
170 37 89355
170 228 96558
170 43 2981
170 200 19942
170 10 47785
170 97 90371
170 22 45433
170 217 96912
170 143 445
170 44 29512
170 216 53898
170 20 14890
170 13 83494
170 191 97330
170 81 63341
170 56 68591
170 171 26510
170 112 79166
170 23 68667
170 80 4876
170 132 14808
170 136 49385
170 195 56671
170 38 59609
170 57 54410
170 203 13924
26 204 96486
26 155 13566
26 167 49096
26 180 20848
26 95 35097
26 189 81359
26 9 19256
26 12 13961
26 157 18739
26 116 70767
26 228 17747
26 194 19416
26 149 14778
26 137 97839
26 113 68660
26 48 93687
26 97 16079
26 176 20100
26 106 46973
26 127 73784
26 162 58737
26 148 25134
26 219 77486
26 216 89351
26 70 79617
26 56 68907
26 120 53960
26 30 32428
26 129 23240
26 85 17814
26 172 2410
26 197 47039
26 104 87555
26 29 83027
26 203 36872
160 82 53318
160 204 54205
160 41 43987
160 199 58525
160 102 90279
160 117 71359
160 5 73698
160 167 72482
160 2 27163
160 144 93347
160 17 82059
160 134 15853
160 200 36204
160 21 76599
160 84 61998
160 24 42458
160 122 43769
160 130 67354
160 183 12874
160 30 29941
160 136 14961
160 121 94821
160 74 32084
205 63 11244
205 138 25267
205 54 45394
205 65 30199
205 154 85213
205 12 28877
205 200 25769
205 39 59812
205 24 42100
205 162 66685
205 161 5191
205 119 82266
205 147 40558
205 56 42674
205 125 26633
205 171 51472
205 184 8194
205 220 67039
205 158 94821
205 164 54347
205 50 71478
205 197 5861
205 159 59262
205 53 72902
169 204 97674
169 141 51552
169 229 97465
169 65 91034
169 72 71107
169 1 84734
169 206 82558
169 228 46804
169 149 72189
169 192 10399
169 93 15507
169 34 2232
169 133 7596
169 176 45071
169 22 30544
169 122 69986
169 55 6018
169 143 5522
169 221 42829
169 16 16448
169 71 73531
169 111 74223
169 216 45379
169 8 53674
169 80 215
169 186 94903
169 6 25516
169 46 9838
169 173 33806
169 203 77671
82 204 36871
82 155 27385
82 144 36821
82 229 68569
82 134 54829
82 47 89929
82 3 52660
82 37 11119
82 15 90958
82 58 98232
82 34 26418
82 113 55140
82 176 47237
82 217 58183
82 207 23821
82 162 18650
82 119 53446
82 183 51556
82 171 53189
82 112 26450
82 120 73886
82 227 22040
82 172 78182
82 57 48858
204 102 19876
204 117 56880
204 138 13238
204 128 47875
204 167 20633
204 114 30694
204 92 68212
204 229 31191
204 180 31941
204 189 33882
204 3 9043
204 157 62611
204 200 65167
204 115 16860
204 218 98640
204 207 4757
204 49 54692
204 70 16419
204 178 35082
204 81 6675
204 196 49254
204 31 96236
204 132 40124
204 36 58336
204 193 98408
204 159 99843
204 104 27805
204 208 16552
41 63 58404
41 177 75965
41 138 82998
41 107 65062
41 224 20658
41 192 51154
41 133 39571
41 99 64007
41 21 24664
41 61 16879
41 39 78669
41 106 92385
41 171 17533
41 31 12848
41 129 87274
41 222 42171
41 108 43645
41 36 54572
41 50 33715
41 159 15869
41 46 59316
41 104 98187
41 173 89948
41 11 62740
63 139 99671
63 199 5249
63 5 91014
63 140 38091
63 54 48386
63 1 81811
63 9 72046
63 206 71810
63 154 96557
63 37 69918
63 88 81592
63 43 38906
63 209 23389
63 55 52295
63 115 22084
63 152 47529
63 162 49645
63 19 54959
63 108 48112
63 124 95563
63 136 59755
63 73 0
63 227 26372
63 36 3764
63 38 28745
63 50 74956
63 57 40010
139 4 10349
139 213 63783
139 224 96528
139 72 60283
139 1 75269
139 9 32864
139 17 51724
139 3 24199
139 194 63682
139 165 13481
139 137 1498
139 133 35377
139 99 569
139 48 76016
139 61 26976
139 97 36275
139 218 22912
139 143 24343
139 118 21136
139 119 21352
139 56 43179
139 125 43075
139 31 99523
139 80 66450
139 52 14104
139 30 89042
139 103 95877
139 85 14255
139 172 50188
139 159 75830
139 104 75709
139 203 81363
177 102 92871
177 117 13280
177 229 28225
177 90 37249
177 166 6099
177 210 87663
177 88 95850
177 192 86806
177 48 67258
177 91 64164
177 16 50036
177 8 78210
177 13 64146
177 33 51356
177 184 9948
177 220 71858
177 23 42914
177 129 51326
177 186 44725
177 38 25637
177 50 3542
177 7 38640
177 197 92144
177 46 4547
177 57 99671
177 203 10975
199 117 41627
199 4 85754
199 224 53667
199 72 92802
199 134 13974
199 58 66767
199 77 65628
199 88 63574
199 61 26668
199 209 51707
199 218 12782
199 62 58825
199 219 45576
199 111 98405
199 69 58642
199 161 53159
199 178 35450
199 13 58662
199 147 95646
199 126 61300
199 196 69317
199 30 3769
199 158 92375
199 227 50809
199 187 9166
199 87 27346
199 145 17140
102 144 55230
102 83 12393
102 95 44728
102 9 3101
102 166 13902
102 210 95418
102 96 14019
102 157 36323
102 116 80109
102 113 61969
102 209 56585
102 55 1077
102 111 16659
102 69 93610
102 147 22736
102 191 84340
102 131 2492
102 105 63517
102 183 8048
102 215 64398
102 18 94018
102 35 23552
102 68 15964
102 29 84692
102 28 98090
117 213 13734
117 14 41181
117 155 342
117 163 38971
117 128 71133
117 90 91510
117 210 31770
117 15 29695
117 194 17041
117 88 9645
117 153 29298
117 91 77854
117 207 22148
117 162 96665
117 130 77712
117 56 19696
117 33 33604
117 18 47590
117 85 98364
117 195 57449
117 110 26380
117 197 6330
117 68 27206
117 173 34119
117 28 61738
117 145 98754
60 5 52269
60 138 74419
60 134 57794
60 228 31388
60 77 45801
60 43 18809
60 61 20030
60 209 38594
60 151 64605
60 84 25886
60 55 64763
60 181 95895
60 106 6652
60 16 25005
60 219 33936
60 111 33777
60 119 70067
60 131 12616
60 171 80447
60 196 546
60 18 51417
60 136 58061
60 186 16766
60 193 10804
60 53 59345
60 57 47392
5 138 93341
5 98 77648
5 144 85891
5 180 39913
5 116 34207
5 58 70666
5 165 76100
5 153 37182
5 122 72062
5 106 43600
5 62 21250
5 118 64665
5 13 97927
5 131 6126
5 27 41956
5 184 4159
5 220 35448
5 18 49493
5 159 43063
5 76 53625
5 208 80088
5 78 76372
5 145 72936
138 155 61396
138 163 94962
138 114 69242
138 65 97051
138 72 52744
138 189 20848
138 206 43927
138 96 87170
138 12 73243
138 47 2218
138 228 83674
138 77 43649
138 88 97595
138 97 77804
138 22 76428
138 218 49339
138 62 30934
138 207 42507
138 119 82001
138 20 25056
138 191 87212
138 132 39307
138 52 7417
138 108 69618
138 73 34233
138 164 15888
138 195 96908
138 193 81641
138 57 33696
4 163 92764
4 128 24612
4 144 48253
4 92 89496
4 225 56931
4 47 37266
4 3 76250
4 157 97022
4 10 27820
4 61 37355
4 24 23757
4 122 58906
4 91 65242
4 111 33967
4 131 57520
4 183 31292
4 196 69606
4 112 62531
4 184 24680
4 220 827
4 129 42163
4 85 76018
4 227 71436
4 186 97353
4 35 88206
4 46 38224
141 140 85199
141 54 22518
141 114 6150
141 72 64068
141 45 19848
141 9 9890
141 206 78775
141 96 76109
141 58 96369
141 194 11408
141 198 70117
141 93 93227
141 217 59990
141 181 84270
141 106 71920
141 226 77768
141 148 95670
141 66 66056
141 216 21397
141 75 79905
141 178 87522
141 147 45783
141 191 84563
141 158 14384
141 222 68016
141 85 23454
141 186 4504
141 121 73265
141 110 48762
141 50 92602
141 197 56058
141 76 10157
141 173 53864
213 54 92212
213 2 49392
213 83 35655
213 95 62332
213 166 76219
213 12 96986
213 77 28917
213 165 73770
213 192 36763
213 113 53761
213 221 25435
213 152 61381
213 219 19306
213 119 79172
213 19 47995
213 131 1977
213 130 5751
213 215 51351
213 120 48401
213 23 89028
213 73 67687
213 50 56481
213 57 27675
213 173 93376
14 128 36992
14 54 28847
14 2 87119
14 92 93806
14 225 79607
14 224 21039
14 65 57027
14 1 38470
14 17 61684
14 3 17795
14 157 1861
14 15 40463
14 137 33700
14 133 89877
14 10 28804
14 181 75877
14 91 23894
14 62 44959
14 221 76534
14 71 40079
14 66 49697
14 111 36975
14 216 33533
14 161 97933
14 67 85798
14 195 8910
14 11 92791
155 98 89596
155 92 81190
155 189 28095
155 166 3919
155 15 55140
155 88 54569
155 146 46811
155 198 86145
155 133 21876
155 21 54857
155 24 8707
155 86 40732
155 148 6614
155 81 34028
155 112 45281
155 120 61511
155 31 58642
155 80 15049
155 158 34949
155 50 78472
155 68 4095
155 57 84484
155 203 2225
140 54 38201
140 45 97682
140 189 83589
140 157 41944
140 228 98279
140 198 36089
140 97 64374
140 217 34865
140 71 14141
140 148 44943
140 66 43183
140 19 77362
140 56 12125
140 132 60994
140 50 76539
140 76 93553
140 57 52416
140 78 57053
107 128 80364
107 202 68650
107 225 2590
107 72 4331
107 189 76954
107 210 39609
107 12 58367
107 116 24053
107 58 6381
107 77 35047
107 93 18849
107 21 68862
107 22 78062
107 55 6677
107 181 94004
107 218 21496
107 207 8937
107 69 46185
107 191 35624
107 131 54273
107 215 83381
107 120 67549
107 23 53727
107 31 42972
107 80 39802
107 18 73444
107 108 20256
107 172 30391
107 104 46518
107 53 12084
107 76 93942
107 173 13762
163 144 90161
163 189 34558
163 43 8918
163 137 4880
163 61 58523
163 84 38707
163 106 24680
163 71 52972
163 69 67437
163 75 5665
163 13 4293
163 184 35557
163 230 63657
163 222 62603
163 85 62590
163 193 32608
163 35 16092
163 6 72206
163 74 89417
163 11 53558
128 92 51480
128 12 94031
128 88 5683
128 133 19680
128 113 64298
128 48 54601
128 61 21206
128 176 85919
128 22 26294
128 221 47118
128 49 60060
128 119 72420
128 131 96696
128 105 23271
128 171 40576
128 23 66376
128 110 60896
128 7 79347
54 167 83268
54 2 7755
54 90 68679
54 189 52594
54 166 77620
54 96 47805
54 228 93101
54 77 46319
54 146 42427
54 43 32735
54 198 41305
54 93 63376
54 34 76246
54 10 69189
54 21 80399
54 84 45530
54 55 37457
54 106 24522
54 127 51962
54 218 53660
54 162 13058
54 111 30390
54 119 96316
54 19 28333
54 125 65573
54 112 5366
54 31 20064
54 18 89102
54 164 25510
54 53 22150
98 202 19951
98 92 93870
98 229 60521
98 224 76383
98 180 53913
98 25 21721
98 134 2597
98 47 99887
98 3 26255
98 157 8601
98 137 13362
98 10 5311
98 97 68637
98 22 79656
98 152 54469
98 86 60605
98 148 78145
98 119 53459
98 75 51823
98 147 33121
98 80 81238
98 52 93574
98 18 52222
98 186 3365
98 110 37364
98 104 17967
167 229 16886
167 65 61495
167 95 88842
167 9 48621
167 37 25712
167 157 1529
167 116 41258
167 10 19519
167 226 13246
167 221 50166
167 118 47391
167 161 25111
167 147 7528
167 125 71001
167 126 55843
167 112 65743
167 31 23461
167 30 18642
167 103 22214
167 18 64584
167 222 76793
167 108 31207
167 136 98713
167 164 96956
167 7 3172
167 87 10468
167 11 86854
2 92 46946
2 180 85986
2 210 28197
2 17 11791
2 12 27717
2 146 42602
2 149 72946
2 34 59550
2 61 98191
2 39 43890
2 217 19720
2 69 72418
2 216 87990
2 19 86779
2 130 67250
2 81 14497
2 120 67293
2 195 47809
2 121 54658
2 38 78568
2 50 25272
2 159 50562
2 87 36889
2 29 47942
2 173 78442
144 83 2433
144 180 8972
144 206 22729
144 154 96628
144 3 41565
144 116 73357
144 21 20645
144 61 81582
144 143 63399
144 62 28412
144 162 88420
144 8 41667
144 13 96836
144 33 63965
144 112 81865
144 67 26815
144 23 45836
144 168 22371
144 132 23302
144 227 55685
144 36 88816
144 46 79693
144 104 65426
144 76 3673
144 29 35835
114 157 70956
114 116 57488
114 165 11414
114 198 32727
114 10 22693
114 97 16956
114 151 63583
114 122 87668
114 86 12197
114 148 70117
114 66 58914
114 161 39209
114 20 93303
114 191 68738
114 129 65216
114 136 20699
114 38 51794
114 172 16338
114 104 98133
114 74 73362
114 53 62014
114 29 94949
114 11 57489
202 166 49821
202 210 5331
202 206 12351
202 3 76343
202 15 38429
202 43 48089
202 200 29541
202 34 15800
202 133 32246
202 176 30744
202 91 39021
202 143 88867
202 105 4142
202 125 86868
202 23 46130
202 18 78734
202 124 54793
202 227 83304
92 225 47963
92 1 28470
92 37 43915
92 77 54023
92 99 60597
92 48 37683
92 22 64923
92 106 79645
92 218 43628
92 71 77248
92 19 54643
92 20 33247
92 131 93725
92 56 56298
92 215 97203
92 171 57375
92 80 65805
92 30 87123
92 18 51560
92 73 5369
92 35 3208
92 50 84689
92 159 57068
92 46 26106
225 166 4558
225 37 78976
225 228 55983
225 194 68622
225 48 58189
225 153 29538
225 22 11619
225 217 37054
225 91 67027
225 219 92413
225 111 92078
225 8 28847
225 131 14891
225 81 46693
225 120 55554
225 80 22814
225 129 74720
225 164 76637
225 186 93739
225 11 69844
229 206 78848
229 146 90236
229 43 43596
229 84 16651
229 221 63705
229 152 9253
229 13 42462
229 179 27657
229 112 56850
229 28 62426
224 12 16436
224 200 23754
224 188 26408
224 55 50876
224 143 98038
224 49 60810
224 119 62079
224 81 44872
224 158 77382
224 121 81374
224 172 45510
224 197 92808
224 87 10577
65 90 35908
65 9 54187
65 210 71099
65 15 17033
65 10 18244
65 113 85878
65 97 61242
65 153 2762
65 218 94677
65 216 57149
65 215 91291
65 126 31463
65 33 38531
65 179 95575
65 27 67198
65 132 10783
65 222 80515
65 68 41610
65 145 35662
72 45 56129
72 90 96709
72 17 19979
72 194 83958
72 43 60168
72 200 86442
72 48 64800
72 97 46989
72 122 56059
72 62 77198
72 71 73421
72 219 72766
72 178 0
72 131 87308
72 67 68285
72 31 75746
72 230 91234
72 36 87611
72 87 40555
72 68 78814
45 3 6744
45 149 15448
45 48 37939
45 143 19001
45 152 34502
45 70 67512
45 81 26329
45 179 68373
45 80 71998
45 158 5314
45 222 57638
45 38 79665
45 87 8103
45 208 68898
45 28 66973
83 96 77974
83 43 73652
83 198 83506
83 137 17365
83 143 53869
83 16 15209
83 152 429
83 148 91286
83 69 17110
83 126 76416
83 230 48583
83 52 0
83 222 10020
83 136 96288
83 195 25631
83 121 34059
83 76 64115
83 29 76600
83 28 25390
180 206 47690
180 93 43520
180 10 50950
180 181 23537
180 127 84764
180 207 81447
180 118 37143
180 216 19590
180 121 46851
180 7 56157
180 87 80895
1 90 73753
1 210 72441
1 17 42289
1 99 73045
1 61 54700
1 151 50234
1 217 7025
1 122 89097
1 118 46332
1 216 8610
1 19 96705
1 147 59148
1 27 27252
1 129 28751
1 124 88551
1 110 66513
1 203 64970
1 145 93860
90 9 36299
90 3 67680
90 43 57710
90 200 28571
90 93 38202
90 24 26051
90 62 30762
90 49 91989
90 75 62811
90 178 6705
90 147 8435
90 191 99396
90 105 7299
90 33 85156
90 31 11345
90 129 98320
90 186 14169
90 159 59305
90 11 33879
95 9 69557
95 206 51737
95 134 92595
95 3 20148
95 157 15287
95 77 52368
95 146 61392
95 61 45237
95 153 622
95 106 13490
95 91 14987
95 216 24555
95 168 42067
95 129 25694
95 124 20725
95 38 26043
95 46 70459
95 68 36804
189 96 73073
189 37 64571
189 88 36284
189 24 72864
189 122 30067
189 221 77504
189 162 42128
189 86 93677
189 94 50921
189 147 15923
189 33 96026
189 230 45639
189 52 66646
189 129 53470
189 186 88087
9 47 98257
9 77 98383
9 10 69060
9 99 45607
9 151 89154
9 176 20089
9 181 3661
9 127 62231
9 143 53031
9 148 61069
9 118 39450
9 219 42592
9 216 52744
9 49 30171
9 70 18858
9 27 84443
9 73 90436
9 50 50225
9 197 6304
166 210 24046
166 96 97467
166 134 86247
166 47 78891
166 3 24816
166 157 46714
166 43 8003
166 137 52265
166 93 14474
166 22 32858
166 55 70323
166 218 90760
166 71 29155
166 118 97134
166 19 60654
166 75 6733
166 13 68251
166 179 21275
166 31 91426
166 164 4409
166 59 14803
166 85 86922
166 57 46233
166 208 88105
210 25 49707
210 154 56154
210 198 65489
210 137 11196
210 21 51457
210 84 1869
210 22 14879
210 55 38981
210 127 80195
210 226 58496
210 152 68917
210 94 51073
210 216 13583
210 70 87425
210 105 13400
210 230 93874
210 132 36967
210 18 46373
210 186 89714
210 104 67286
210 53 6648
210 173 66792
25 88 43667
25 165 89709
25 146 36590
25 198 750
25 137 522
25 10 46681
25 97 41726
25 91 89789
25 143 12524
25 44 83688
25 86 70281
25 119 54338
25 19 36216
25 20 58832
25 8 36093
25 126 29410
25 220 85854
25 158 93799
25 186 79037
25 110 82947
25 172 11498
17 134 78676
17 77 27339
17 146 6197
17 34 5277
17 115 20573
17 62 14918
17 152 18810
17 118 47341
17 219 65293
17 216 72623
17 161 73723
17 20 96082
17 105 91930
17 196 65375
17 80 24006
17 164 87609
17 186 412
17 36 1519
17 193 23902
17 110 90552
17 159 24428
17 53 67302
17 76 63933
206 157 83544
206 228 85515
206 15 10822
206 137 66927
206 200 92911
206 10 40828
206 221 30809
206 66 49407
206 219 9243
206 131 26750
206 105 21043
206 171 97804
206 168 17501
206 230 71804
206 129 22217
206 158 65643
206 87 1071
154 96 60665
154 228 35439
154 88 42014
154 200 38868
154 44 70743
154 86 82787
154 75 37099
154 8 89930
154 120 17028
154 132 67910
154 52 1876
154 30 36888
154 18 15738
154 85 59670
154 187 10994
154 172 64954
154 6 9192
154 208 27998
96 228 80797
96 15 19196
96 88 20480
96 133 24855
96 176 91501
96 188 53223
96 16 15582
96 219 18932
96 69 68590
96 161 43043
96 119 90422
96 19 57883
96 20 89344
96 131 46551
96 81 60854
96 215 10459
96 33 83094
96 179 98511
96 67 25133
96 59 45083
96 227 15984
96 36 50043
96 29 3359
12 37 89200
12 116 79574
12 58 96641
12 88 8537
12 200 37406
12 21 73404
12 176 20
12 153 90151
12 188 30377
12 148 75693
12 147 23457
12 131 56740
12 81 92596
12 183 53210
12 196 58463
12 179 77024
12 27 60379
12 184 43894
12 31 87931
12 158 18063
12 124 69674
12 36 43784
12 121 18801
12 87 63342
12 29 8002
134 21 65882
134 209 6881
134 97 23795
134 153 53358
134 106 49673
134 16 34984
134 86 42592
134 94 27475
134 111 17072
134 69 14699
134 19 41377
134 183 62650
134 67 80913
134 30 0
134 18 73647
134 35 32494
134 68 66338
134 28 15309
47 15 94956
47 137 51918
47 200 4916
47 113 39925
47 209 92631
47 217 19250
47 122 48333
47 181 77714
47 115 56542
47 221 58715
47 19 33120
47 183 44006
47 171 32118
47 184 45864
47 52 5543
47 136 4854
47 73 52010
47 50 48688
47 172 69740
47 104 53887
47 57 70740
47 78 98534
47 28 83667
3 15 8870
3 58 99282
3 10 53650
3 209 38752
3 176 63288
3 84 64439
3 24 13031
3 217 24639
3 188 1769
3 55 64546
3 181 32953
3 91 85997
3 115 63144
3 218 51298
3 148 17230
3 111 89870
3 161 11859
3 49 16150
3 130 867
3 81 97355
3 120 6743
3 80 300
3 30 45303
3 18 13563
3 186 21751
3 104 4297
3 208 33792
3 173 45798
3 203 1098
3 145 16150
37 77 47335
37 43 72474
37 133 98613
37 71 15500
37 148 39101
37 219 82950
37 49 60142
37 75 56521
37 125 28664
37 126 80665
37 184 67968
37 31 16382
37 108 3238
37 136 6310
37 186 35212
37 87 88453
37 46 43151
37 208 41572
37 203 76897
37 11 31652
37 145 78485
157 200 37787
157 217 11278
157 181 55134
157 115 70928
157 16 52478
157 118 51179
157 75 118
157 13 26862
157 105 25681
157 33 31466
157 196 62618
157 184 44895
157 193 32921
157 7 90784
157 29 27247
157 208 24490
157 11 41290
116 228 48698
116 137 9329
116 91 88903
116 152 21459
116 66 82796
116 75 76382
116 178 78240
116 23 4054
116 52 17142
116 129 88046
116 108 28675
116 124 42331
116 59 72507
116 53 23701
116 173 78394
228 194 16781
228 200 42562
228 24 6135
228 91 35418
228 218 30545
228 86 48781
228 71 11092
228 111 90405
228 13 1309
228 52 27163
228 30 89744
228 186 14875
228 197 15695
228 159 72245
228 78 60419
15 34 16952
15 97 2004
15 24 85851
15 86 88446
15 148 76582
15 111 79889
15 75 30597
15 13 44020
15 81 85673
15 125 59963
15 23 44854
15 110 83765
15 159 13338
15 68 86801
15 28 36674
58 113 38171
58 99 38843
58 151 0
58 153 99444
58 181 28444
58 91 97060
58 71 49086
58 111 36018
58 191 59966
58 105 97856
58 81 32199
58 183 15706
58 179 98580
58 112 95686
58 31 86925
58 30 27985
58 103 48662
58 38 43897
58 11 25241
194 146 32723
194 93 94576
194 133 5591
194 10 8235
194 176 62539
194 84 80528
194 153 85828
194 218 88888
194 44 10576
194 152 58818
194 86 1950
194 219 60381
194 147 23317
194 131 50863
194 215 58709
194 171 14615
194 126 90430
194 67 66817
194 220 28094
194 52 46183
194 73 6971
194 227 64304
194 50 28662
194 7 32142
194 187 10012
194 208 71410
194 145 86123
77 165 19313
77 34 82240
77 61 30744
77 217 39433
77 44 67583
77 20 90427
77 147 87777
77 126 1517
77 33 24863
77 230 79402
77 103 33281
77 227 99412
77 68 79113
77 104 18443
88 24 22642
88 106 45939
88 143 6089
88 148 20386
88 216 44937
88 161 75025
88 19 99505
88 171 8467
88 33 75227
88 67 94898
88 103 70977
88 158 12315
88 193 22003
88 104 30273
165 146 41810
165 198 65552
165 192 14647
165 200 84557
165 133 15066
165 10 54118
165 113 28381
165 61 75332
165 217 73767
165 188 12013
165 106 75023
165 62 50075
165 207 28456
165 66 60658
165 111 80911
165 69 30270
165 19 33361
165 56 33671
165 23 7482
165 168 75411
165 230 97829
165 136 36622
165 195 50973
165 35 57136
165 46 19053
165 76 68418
146 48 96176
146 61 44110
146 84 15666
146 91 59771
146 226 33449
146 218 67788
146 148 12821
146 216 17370
146 119 98406
146 70 40488
146 130 51940
146 67 42326
146 136 58772
146 73 22766
146 195 11183
146 193 389
146 172 91533
146 87 24530
146 46 41734
149 84 30813
149 24 73901
149 188 58391
149 207 45616
149 44 26145
149 148 88900
149 119 4292
149 20 6934
149 8 64944
149 178 10889
149 67 98784
149 31 93543
149 80 15728
149 18 89465
149 73 39461
43 99 92857
43 55 84593
43 226 18874
43 16 45914
43 161 52177
43 49 42616
43 8 90896
43 125 6266
43 215 70153
43 126 34702
43 33 24484
43 112 50167
43 31 48177
43 230 62079
43 227 19461
43 7 56603
43 87 59901
43 74 75132
43 28 4961
198 137 7537
198 75 21171
198 125 81514
198 171 17124
198 33 0
198 230 96620
198 53 208
198 76 13359
198 208 55240
192 48 79517
192 151 12756
192 39 7700
192 24 50664
192 20 19731
192 8 29015
192 147 39259
192 179 33637
192 23 48820
192 230 62778
192 158 15196
192 222 14226
192 108 70139
192 195 87902
192 121 16885
192 187 95393
192 74 30306
192 145 35686
137 93 68321
137 209 66200
137 217 75350
137 122 9458
137 143 48949
137 66 46986
137 178 11164
137 179 93463
137 112 23388
137 120 59993
137 80 2800
137 103 25935
137 164 28750
137 38 86642
137 197 45599
200 34 52784
200 209 15962
200 39 33352
200 24 0
200 22 79496
200 55 48813
200 16 19701
200 71 19515
200 148 68054
200 219 17666
200 125 68529
200 67 59407
200 7 52310
200 68 15086
200 76 57894
200 11 50526
200 78 23626
200 145 6870
93 99 0
93 48 61805
93 176 34520
93 39 38143
93 217 66368
93 188 22361
93 122 4547
93 44 78721
93 66 54983
93 215 52447
93 126 12472
93 27 37446
93 112 25966
93 184 89994
34 133 74361
34 99 30333
34 48 68412
34 97 6289
34 151 59164
34 176 8863
34 84 59640
34 55 47910
34 91 86560
34 218 77638
34 162 67593
34 71 3824
34 119 11319
34 178 2459
34 23 593
34 73 89130
34 85 59956
34 7 61911
34 87 3256
34 76 96418
34 11 88161
34 78 14317
133 99 85605
133 21 88137
133 61 64140
133 97 21184
133 151 30430
133 106 44659
133 115 99002
133 44 90220
133 219 56068
133 161 12795
133 105 51652
133 171 41056
133 132 80699
133 108 54431
133 164 64532
133 59 39323
133 85 595
133 87 87016
133 208 57090
133 173 36566
10 113 28704
10 176 15135
10 188 70955
10 44 18933
10 152 23077
10 20 92578
10 178 23592
10 130 86820
10 81 65669
10 125 28064
10 80 41427
10 38 78763
113 21 36939
113 61 63008
113 97 44845
113 24 44683
113 188 2174
113 44 68244
113 161 44778
113 178 27320
113 191 37468
113 27 95993
113 73 2486
113 164 47781
113 36 57529
113 35 11027
113 121 59428
113 7 83968
113 53 64447
113 208 24050
113 28 78545
99 48 57592
99 226 40064
99 111 89386
99 20 96956
99 56 67653
99 52 76894
99 18 77753
99 195 52923
99 38 86971
99 187 27160
99 76 99566
99 28 35184
48 176 96156
48 24 13050
48 181 17540
48 218 37066
48 71 87214
48 94 53180
48 111 64536
48 75 83774
48 70 47458
48 183 72382
48 126 29710
48 31 25119
48 129 66982
48 121 89419
48 172 86766
48 53 51404
48 78 84714
48 28 23671
48 145 3049
21 84 48615
21 181 99559
21 91 15493
21 127 76482
21 218 27344
21 152 21146
21 86 40674
21 130 2730
21 215 8272
21 126 64941
21 164 94116
21 121 83954
21 187 31460
21 29 55949
61 209 78347
61 151 64268
61 176 67565
61 84 11957
61 24 50473
61 127 71243
61 226 3885
61 13 24814
61 130 72676
61 220 55232
61 85 45772
61 121 79133
61 110 52994
61 38 25899
61 74 85379
61 57 37035
61 203 94886
61 28 65953
209 84 62103
209 181 97741
209 91 1758
209 86 93856
209 216 50871
209 119 42083
209 178 6522
209 56 11839
209 27 24319
209 67 89284
209 158 28387
209 136 3340
209 59 8194
209 85 50463
209 227 14166
209 53 34833
209 29 8860
97 226 65907
97 111 49012
97 69 64399
97 178 72329
97 125 23337
97 183 72879
97 27 78226
97 23 35913
97 132 62881
97 103 12393
97 73 5678
97 53 53269
97 29 54578
151 24 46374
151 16 93595
151 86 92541
151 66 56016
151 118 69097
151 111 41404
151 105 91994
151 112 52426
151 168 12133
151 230 38326
151 36 46404
151 57 31761
151 208 37550
176 106 91926
176 218 13293
176 207 13464
176 221 76079
176 152 82038
176 71 10928
176 118 55243
176 216 43287
176 13 5376
176 215 79898
176 27 15754
176 230 35760
176 132 41413
176 50 70411
176 7 90148
176 172 25447
176 6 9134
176 53 47770
176 57 86164
39 226 34148
39 66 96727
39 119 51686
39 147 79721
39 131 84728
39 179 76679
39 112 81154
39 230 38028
39 73 60696
39 85 1485
39 36 53811
39 104 82043
39 76 76192
84 217 65004
84 181 48125
84 106 91799
84 44 51292
84 8 58988
84 13 21841
84 191 53917
84 105 19399
84 130 25104
84 81 85185
84 215 23481
84 112 3052
84 30 30254
84 136 43894
84 73 29919
84 186 37864
84 38 29813
84 172 9925
84 197 51275
84 29 63459
84 173 1075
84 203 26175
153 127 7590
153 207 50766
153 49 27549
153 119 29519
153 19 48666
153 196 44423
153 112 45803
153 184 46051
153 220 5437
153 23 15792
153 80 87402
153 230 32613
153 38 515
153 87 59856
153 57 15420
153 208 28757
24 181 10793
24 127 38652
24 226 13528
24 115 43317
24 16 25145
24 118 92207
24 111 81316
24 191 41184
24 105 77653
24 183 58733
24 193 42973
24 197 5479
24 74 19479
24 145 93297
22 217 5179
22 55 17387
22 86 53905
22 148 79382
22 94 34768
22 118 29955
22 219 77153
22 69 18922
22 105 69627
22 171 70413
22 112 34122
22 129 89255
22 108 56307
22 186 45641
22 197 35769
217 91 95223
217 119 62874
217 75 76407
217 178 79288
217 81 14956
217 125 8883
217 215 72861
217 126 99972
217 196 46519
217 67 55595
217 168 82140
217 31 52208
217 85 54578
217 159 34688
217 203 58107
188 86 25562
188 148 50389
188 69 586
188 161 34947
188 105 3202
188 196 13961
188 184 47752
188 36 19850
188 110 5890
188 50 78644
188 145 64215
122 207 92942
122 148 1309
122 94 53821
122 118 26833
122 70 84147
122 147 92785
122 33 61225
122 196 58993
122 112 52699
122 67 82512
122 168 10130
122 136 82106
122 85 50136
122 227 19161
122 172 47594
55 91 42183
55 218 56903
55 207 14529
55 221 13130
55 16 54270
55 44 24233
55 162 48142
55 19 34122
55 13 60380
55 184 6609
55 23 18784
55 52 98111
55 158 5683
55 59 56232
55 227 39037
55 186 47265
55 7 85026
55 187 95731
55 68 58256
55 104 37710
55 173 69037
181 62 57823
181 148 43845
181 66 80542
181 216 54516
181 20 27312
181 147 4239
181 125 33071
181 171 57332
181 126 40767
181 196 79170
181 112 69576
181 164 92092
181 36 15411
181 110 26411
181 38 5151
181 87 95765
181 203 77323
181 78 91868
181 28 83210
106 127 98920
106 94 42360
106 118 77237
106 125 24174
106 18 79681
106 110 78101
106 208 69154
106 28 96115
91 191 79442
91 125 48552
91 171 49891
91 108 8550
91 35 3944
91 110 46829
91 172 37950
91 6 64591
91 57 65512
91 203 65166
91 145 26663
127 16 49317
127 71 81874
127 219 98991
127 13 80919
127 120 91854
127 168 48564
127 186 6150
127 50 5263
127 29 74784
226 207 85471
226 86 13207
226 94 27929
226 118 10585
226 219 26007
226 70 28787
226 147 71461
226 215 3327
226 31 59773
226 80 76926
226 52 44128
226 35 10123
226 38 634
226 7 47196
226 74 18090
115 218 8722
115 143 52867
115 49 46058
115 75 69597
115 131 26295
115 126 73036
115 179 46199
115 27 33808
115 112 62890
115 18 23372
115 158 54673
115 186 7116
115 38 63078
115 203 8845
218 162 67518
218 111 7195
218 33 27411
218 168 4792
218 31 29219
218 18 88630
218 164 2635
218 186 82261
218 36 36901
218 110 21565
218 7 15274
218 46 33584
218 57 78702
143 86 10521
143 125 92174
143 121 37154
143 159 26604
143 46 95662
143 68 89694
143 208 56641
62 86 82595
62 20 13464
62 215 96931
62 230 49552
62 52 32501
62 108 74540
62 164 67482
62 121 71024
62 110 32406
62 38 87954
62 78 5881
62 28 19445
207 86 81312
207 94 55484
207 111 9190
207 216 43225
207 75 20407
207 81 96458
207 56 18142
207 215 87463
207 33 23524
207 120 8096
207 129 96152
207 227 52205
207 195 76703
207 110 93500
207 203 70584
207 11 97016
207 78 21648
221 119 73463
221 125 72026
221 183 18251
221 215 57957
221 103 6210
221 73 21139
221 164 37627
221 187 87520
221 46 43547
221 104 36534
16 161 28506
16 196 22568
16 27 26815
16 172 6414
16 6 71242
16 197 30712
16 159 1896
16 87 82307
16 46 95327
16 68 42951
16 104 69400
16 74 93671
16 53 70980
16 208 63038
16 203 85953
44 152 82824
44 148 90503
44 118 16548
44 49 55958
44 19 38512
44 178 94839
44 56 52732
44 125 91808
44 126 17097
44 124 7120
44 195 15125
44 197 59541
44 76 48044
152 69 70312
152 19 90883
152 81 98570
152 125 22982
152 196 54709
152 112 69972
152 220 83911
152 186 67405
152 7 84204
152 197 53373
152 74 44646
152 208 74168
152 28 82848
162 94 25381
162 118 99059
162 119 51153
162 27 46716
162 23 93889
162 30 12986
162 193 66959
162 35 44120
162 76 44187
162 11 96424
86 219 95208
86 75 16267
86 13 13569
86 56 9604
86 125 36371
86 33 5881
86 27 21347
86 168 37714
86 103 32121
86 18 15417
86 158 23489
86 35 34700
86 110 7531
86 197 46751
86 145 45876
71 20 2708
71 31 74145
71 132 13345
71 129 46126
71 124 72785
148 69 34621
148 56 10544
148 126 33569
148 179 75901
148 120 33292
148 52 72327
148 227 54426
148 186 31095
148 193 54297
148 57 23167
148 208 75652
148 78 4517
94 75 34384
94 20 16333
94 191 53989
94 120 79845
94 108 85087
94 124 46052
94 59 93344
94 110 89558
94 50 63974
94 7 79636
94 104 78914
94 74 95260
94 76 84295
66 111 51311
66 216 89120
66 19 55078
66 20 75321
66 8 33707
66 70 94687
66 105 91433
66 171 54042
66 67 49618
66 222 14979
66 186 27267
66 172 70273
66 87 62346
66 53 3641
66 29 13822
66 208 7231
66 145 44154
118 147 53209
118 184 66839
118 220 91040
118 80 63767
118 103 55364
118 18 70285
118 227 78516
118 110 83407
118 203 74447
219 69 82054
219 75 72588
219 178 61277
219 33 56307
219 31 5659
219 136 50875
219 121 81307
219 172 83734
219 197 97471
219 29 61753
111 216 37587
111 125 92027
111 179 43122
111 120 87135
111 30 47312
111 129 91792
111 121 18383
111 53 12315
111 28 52218
69 216 41985
69 19 93418
69 8 72931
69 183 93132
69 171 39428
69 184 68828
69 168 4396
69 103 56157
69 158 4700
69 186 35673
69 87 86091
69 68 63183
69 28 1756
69 145 54332
216 49 40747
216 178 71860
216 191 82860
216 179 4406
216 112 91160
216 80 82468
216 132 5475
216 222 70781
216 136 72901
216 73 79893
161 20 45381
161 8 82386
161 13 18437
161 183 45975
161 215 89277
161 196 60863
161 124 98472
161 186 27894
161 193 24008
161 159 7901
161 76 85892
161 57 48151
49 119 72819
49 81 50164
49 183 339
49 120 23181
49 222 34079
49 108 57279
49 193 96027
49 38 26863
49 7 4185
49 68 14153
49 203 32494
119 19 87304
119 191 87750
119 56 41283
119 183 4064
119 171 79890
119 80 73469
119 230 64127
119 73 6191
119 164 1000
119 50 81264
119 159 32885
119 46 187
119 78 14186
19 129 94508
19 195 47449
19 121 89240
19 50 2052
19 6 52707
19 78 22354
75 147 78955
75 80 76799
75 52 13291
75 124 77453
75 35 27410
75 76 93788
75 11 26942
75 28 36594
20 131 70109
20 184 71531
20 67 402
20 80 44716
20 187 31976
20 6 23047
8 147 36261
8 179 20809
8 230 85145
8 132 27555
8 172 47474
8 6 49651
8 159 27688
8 29 85844
8 11 24691
70 196 56612
70 120 19459
70 31 39250
70 132 26732
70 73 42982
70 172 12829
70 104 85407
70 53 49656
178 215 46761
178 129 44984
178 136 46586
178 35 66756
178 172 67816
178 57 52647
178 208 20715
13 105 61706
13 125 37975
13 126 69590
13 179 61704
13 184 22018
13 230 7688
13 222 25300
13 195 47592
13 35 10270
13 110 9391
147 105 48416
147 183 41849
147 230 88462
147 222 30036
147 7 83645
147 145 71455
191 131 65734
191 105 81351
191 215 86113
191 120 58218
191 103 8801
191 18 43207
191 222 7493
191 36 86014
191 173 38640
131 125 79133
131 33 88479
131 196 82550
131 179 48680
131 132 24254
131 129 77014
131 108 92511
131 121 70298
131 50 96482
131 7 77015
131 197 10801
105 179 94353
105 67 64603
105 168 9249
105 52 51789
105 164 80124
105 85 87849
105 193 69585
105 187 79912
105 172 19268
105 6 41098
105 68 19828
130 125 90450
130 80 42918
130 129 2819
130 103 71508
130 76 49098
81 220 42349
81 7 95480
81 159 25988
81 53 63051
56 215 82646
56 220 97752
56 120 12032
56 30 58597
56 18 29410
56 136 45248
56 85 65263
56 50 26140
56 172 66182
56 53 52177
125 112 57458
125 85 92990
125 57 43486
183 196 20598
183 168 49811
183 193 6411
183 87 93680
183 173 26257
183 28 6013
215 179 96446
215 27 90820
215 132 7945
215 30 28181
215 18 49603
215 124 92101
215 110 7402
215 172 72991
215 197 96556
215 159 46403
215 11 47327
171 126 25097
171 196 6987
171 179 92127
171 112 47559
171 220 43645
171 120 69144
171 80 92373
171 103 64579
171 158 26850
171 124 86138
171 50 45494
171 7 46106
171 159 98689
171 173 20054
126 220 34793
126 23 34917
126 168 7081
126 103 62212
126 59 26407
126 85 87508
126 172 98431
126 74 32954
126 57 83523
126 208 24341
126 145 67691
33 67 19508
33 220 41027
33 120 69998
33 121 1980
33 173 2733
196 23 33493
196 227 31280
196 197 45330
196 68 31111
179 85 16236
179 186 32199
179 195 27436
179 36 98601
179 35 12563
179 110 96172
179 68 87940
179 76 51338
179 173 17503
27 120 34466
27 52 60064
27 129 85098
27 136 16426
27 87 78491
27 46 60420
27 68 28251
27 28 87607
112 136 5692
112 195 5175
112 172 77330
112 29 47604
184 120 19829
184 18 4022
184 108 7608
184 136 20810
184 186 84028
184 193 97447
184 50 7670
184 7 46670
184 187 65724
184 87 16250
184 57 93531
184 11 75929
67 30 54543
67 124 53051
67 164 18216
67 59 45520
67 85 14206
67 68 99220
220 103 7510
220 18 92149
220 73 25174
220 195 18439
220 38 23922
220 46 21776
220 76 36601
220 29 33189
220 203 52709
220 78 74490
120 136 88460
120 195 91134
120 187 45206
120 74 57982
120 78 6523
23 129 17033
23 74 36762
23 203 35635
23 28 93890
23 145 83712
168 80 1846
168 230 56893
168 129 28803
168 172 2744
168 6 42305
168 68 92842
31 129 24179
31 193 95107
31 29 1936
31 11 3122
31 78 60678
80 30 62161
80 222 86991
80 136 83466
80 73 82938
80 104 64245
80 53 76905
80 208 79947
80 11 35713
230 103 49936
230 195 80986
230 50 59164
230 159 20729
230 28 27696
132 30 71984
132 124 64866
132 73 85825
132 186 39418
132 29 12433
52 121 34283
52 46 74371
52 68 57053
52 145 43490
30 18 98500
30 73 30089
30 57 49708
30 29 64384
129 35 32260
129 187 42102
129 76 15554
129 203 1211
103 136 14730
103 110 93593
103 7 2715
103 159 24290
103 87 12168
103 57 35247
103 29 92640
103 78 77239
18 227 58053
18 121 62696
18 38 49302
18 187 59252
18 104 74779
18 203 32219
18 28 8182
158 227 76865
158 195 11889
158 7 16887
158 6 50291
158 68 25490
158 203 31249
222 73 50370
222 59 58811
222 121 57688
108 85 93488
108 186 39770
108 50 79675
108 197 19954
108 87 1620
108 74 5670
108 57 67246
108 208 63065
124 35 1157
124 74 59391
124 57 76031
124 173 27720
124 78 76452
136 186 27691
136 35 84774
136 197 92953
136 78 14892
73 164 34878
73 195 61938
73 121 31442
73 197 63265
73 46 62182
73 29 53762
73 203 31355
164 85 3324
164 197 3022
164 87 63567
59 227 33616
59 186 14196
59 35 65634
59 110 10591
59 53 43774
59 29 39818
59 11 73394
85 50 82851
85 6 74612
85 197 89837
85 29 23451
227 36 42072
227 172 3889
227 53 67289
227 11 21872
186 195 65196
186 35 61271
186 173 93489
195 36 96917
195 193 74918
195 159 19817
195 46 42206
195 74 64045
195 53 17152
195 28 79857
36 193 46450
36 35 9848
36 159 19048
36 68 97405
36 74 33011
36 57 81004
36 28 58668
193 35 5145
193 172 6218
193 6 18277
193 197 82754
193 46 85714
193 74 8929
193 208 39107
35 121 29440
121 110 84136
121 74 47766
110 38 83354
110 11 1006
38 50 10012
38 68 71028
50 7 50387
50 68 60904
50 57 78765
50 173 75216
50 145 53668
7 187 33660
7 104 37622
7 76 10295
7 29 80417
7 145 54215
187 76 25366
187 57 50615
6 87 76419
6 208 75784
6 28 34038
6 145 44406
197 159 62875
197 29 92353
159 74 76143
159 53 45598
159 203 41642
159 11 17766
159 78 94553
87 104 85474
46 76 20293
68 74 41397
104 208 75918
104 78 67873
53 57 47444
76 57 56326
76 78 84792
57 203 55318
57 78 83828
208 11 66272
208 78 74533
203 78 79466
11 145 36481
