230 1024
113 97 84195
113 60 60066
113 187 72231
113 171 50696
113 199 33031
113 99 13156
113 160 67681
113 203 96432
113 166 14971
113 205 83569
113 36 87620
113 33 92369
113 69 63916
97 39 3674
97 106 54049
97 230 53126
97 125 79271
97 64 90031
97 63 37223
97 188 26267
97 226 60568
97 13 52080
97 50 1711
97 189 90605
97 195 49249
60 156 48531
60 227 69613
60 193 67460
60 68 41349
60 183 43911
60 182 74227
60 198 46908
156 35 92437
156 193 97349
156 106 35008
156 29 60715
156 169 13620
156 94 22907
156 41 96861
156 222 32259
187 127 36632
187 230 61620
187 4 57763
187 125 83637
187 150 33731
187 74 65037
187 78 56249
187 49 32816
187 19 34546
187 95 50668
187 12 95472
187 198 46593
35 51 26564
35 149 66889
35 137 78309
35 136 11279
35 9 89577
227 193 57205
227 176 53536
227 163 14306
227 34 45480
227 142 46458
227 18 39688
227 48 8792
227 212 43508
227 43 81455
227 173 20936
227 218 13473
193 127 37911
193 194 1408
193 4 98505
193 103 6369
193 108 19400
193 169 28374
193 76 21929
193 18 16531
193 133 37702
193 22 79056
193 86 53857
193 165 54553
193 77 79417
193 104 47450
51 159 32917
51 194 47375
51 29 54459
51 64 77465
51 80 20128
51 52 18758
51 90 34987
51 14 2294
51 164 47851
51 115 39383
51 44 86225
51 67 89465
51 86 16068
176 4 39271
176 73 37473
176 124 82412
176 204 91650
176 45 63053
176 77 32306
176 59 79966
39 122 39508
39 229 30238
39 116 17960
39 56 16894
39 207 54195
39 111 28675
39 73 33603
39 151 92920
39 101 44292
39 110 82481
39 59 87878
106 139 31542
106 71 89754
106 116 87532
106 138 92514
106 140 2994
106 135 81356
106 120 26592
106 160 94933
106 200 56778
106 123 74455
106 37 52601
106 81 19142
106 209 73549
106 129 62889
106 46 17416
106 59 70906
159 119 5449
159 17 38594
159 24 10881
159 44 83186
159 137 14742
159 148 65835
139 181 1235
139 202 48366
139 5 34224
139 24 78218
139 25 23369
139 58 1212
139 87 82009
139 54 37002
127 71 1251
127 171 86778
127 153 34938
127 29 85732
127 64 43077
127 161 36569
127 38 13684
127 211 6275
127 65 23925
127 129 61186
127 165 94452
127 93 31776
194 1 71443
194 82 22637
194 93 16932
194 32 29494
194 77 3004
230 68 21277
230 223 91286
230 92 99412
230 78 35031
230 24 71608
230 126 62652
230 23 5509
4 163 13621
4 151 92855
1 171 10107
1 181 35044
1 140 4333
1 148 44965
1 93 48269
1 178 82472
71 229 81646
71 103 97151
71 84 21102
71 216 54632
71 181 14270
71 65 29452
71 86 57823
171 185 97903
171 34 25334
171 26 19176
171 224 71495
171 21 95526
171 204 2789
171 148 49553
171 170 64696
185 216 22148
185 17 67876
185 209 94300
185 136 20658
185 55 32112
68 125 42484
68 99 72939
68 42 31269
68 88 6144
68 128 86716
68 53 13228
68 221 66316
68 189 7123
68 44 50929
68 114 18720
68 165 21397
68 2 60969
68 136 74208
122 125 79912
122 89 44408
122 116 34056
122 217 92179
122 91 43537
122 100 44905
122 21 96183
122 87 69493
122 196 92165
125 80 49683
125 94 39196
125 112 32679
125 214 72904
125 15 3316
229 150 64598
229 89 94756
229 108 83888
229 169 73696
229 188 95638
229 202 34529
229 11 94701
229 72 37957
229 178 96114
153 108 30816
153 96 84205
153 57 36015
153 49 189
153 58 23932
153 27 8125
103 76 60000
103 107 4784
103 128 83608
103 221 34309
103 31 84305
103 11 74283
103 8 84809
103 41 74358
103 86 74704
103 173 72228
103 2 37045
150 117 34000
150 167 84839
150 49 95706
150 161 30759
150 31 98034
150 224 22596
150 43 76743
150 114 57560
29 146 84443
29 217 39096
29 195 93338
29 28 51328
29 55 86800
89 108 55727
89 147 11211
89 11 7903
89 7 91397
89 46 42906
89 75 95735
89 210 17982
84 3 64051
84 129 60804
84 204 96146
84 165 8176
84 46 35805
84 102 3233
84 15 93289
116 181 43779
116 163 33488
116 96 74152
116 18 88891
116 126 35992
116 145 49477
116 46 36752
74 199 98531
74 169 93845
74 191 74341
74 128 95329
74 166 22377
74 6 59600
74 26 69910
74 69 23805
74 178 17170
74 54 37118
108 155 44476
108 190 42047
108 225 27581
216 61 15794
216 13 24839
216 37 74026
216 182 12305
216 55 23047
56 191 6664
56 107 4420
56 128 64359
56 47 26371
56 177 50989
56 25 56484
56 41 41082
56 222 34463
56 15 65537
199 177 73102
199 73 43805
199 164 1730
199 69 70209
199 137 85866
169 78 75139
169 81 80275
169 183 60459
169 131 69997
169 55 75385
119 181 20100
119 202 23905
119 16 40780
119 44 35642
119 131 9349
119 87 71503
181 141 86862
181 207 61833
181 152 76031
181 38 92551
181 101 45034
181 87 93673
181 220 87859
181 40 76594
99 179 16591
99 57 4994
99 152 11366
99 73 64037
99 121 62864
99 2 89126
155 96 55631
155 142 37208
155 8 26218
155 182 50024
155 87 58790
155 32 36469
155 77 98673
61 191 49261
61 107 40328
61 94 68560
61 37 4676
61 26 90783
61 21 24401
61 210 75077
61 175 17298
179 140 13558
179 34 36168
179 205 31697
179 133 11296
179 31 80083
179 8 78156
179 172 47084
179 82 37625
191 140 43309
191 147 95054
191 37 44040
191 183 88549
191 75 90433
191 54 42013
64 18 69497
64 109 17086
64 62 39940
64 110 3567
64 10 49237
64 198 0
138 98 59543
138 88 9808
138 52 51296
138 90 89410
138 195 22138
138 102 61765
76 96 98090
76 120 39067
76 226 40710
76 92 20795
76 43 48723
76 82 81911
76 136 49025
63 133 83758
63 126 68294
63 151 6247
63 114 70552
63 67 97602
107 140 93538
107 219 86111
107 188 73823
107 31 51296
107 104 24099
163 140 84803
163 44 83506
163 218 75942
98 206 55371
98 162 77352
98 148 18008
98 23 61790
98 55 57869
98 168 89363
140 133 91459
140 209 93144
140 82 57736
140 46 27636
140 40 9195
140 198 53028
42 120 26634
42 149 68628
42 209 80685
42 8 30702
42 134 43437
219 190 34331
219 6 94391
219 212 88309
219 164 21024
219 25 56328
147 188 46837
147 57 20710
147 217 22821
147 180 67913
147 92 23587
147 78 21627
147 90 10158
147 36 99466
147 112 92021
147 12 24191
147 65 80386
147 225 3883
135 13 29098
135 37 52449
135 129 50101
135 2 13707
135 158 33715
135 54 95803
188 146 63353
188 117 92092
188 174 16244
188 50 4842
188 37 67429
188 11 32046
188 134 55370
188 192 34707
188 43 50856
188 105 15877
188 173 59638
188 165 38443
188 87 90951
188 46 81797
188 220 52129
188 40 63660
96 81 35468
96 162 21465
96 65 90754
96 114 17467
96 110 1436
88 48 24720
88 19 48403
88 164 55077
88 129 85322
88 204 26017
88 220 89007
88 10 51151
120 30 72314
120 190 95293
120 202 34157
120 5 95508
120 201 18659
120 45 5140
30 149 93919
30 13 91482
30 79 86145
30 27 94924
146 217 69430
146 52 95342
146 49 0
146 124 93178
146 54 7324
160 80 81524
160 189 31632
160 162 16144
160 79 98255
128 17 82214
128 78 77834
128 177 55917
128 132 76520
128 222 9159
128 62 88290
128 102 17817
128 175 37144
57 66 64119
57 104 5056
217 203 13746
217 202 63361
217 49 29524
217 73 9425
217 204 11967
190 94 7711
190 72 73207
190 58 42832
190 172 11031
190 178 66746
190 55 28125
203 161 21893
203 6 53419
203 14 45925
203 69 72577
203 168 35041
17 52 49077
17 167 77180
17 33 17181
17 224 53473
17 83 81864
17 137 77659
17 144 80837
17 196 57779
80 94 34414
80 34 76033
80 24 259
80 129 7317
80 136 50864
80 118 62423
53 174 7836
53 36 90331
53 126 15536
53 215 69241
53 7 12279
202 117 18036
202 166 63128
202 6 80580
202 208 43042
202 195 74164
202 137 16264
202 118 54098
52 226 90751
52 47 77573
52 11 43917
52 137 20071
52 45 60913
52 75 4703
52 54 58551
226 117 78621
226 50 8932
226 130 40244
226 73 54009
226 225 32476
226 70 30097
117 221 75323
117 94 79654
117 180 88704
117 200 61623
117 109 92630
117 81 80782
117 91 79208
117 129 95479
117 105 79812
221 94 82660
221 180 13319
221 164 57047
221 69 415
221 114 8570
94 34 73121
94 37 64479
94 196 1617
34 142 45708
34 143 27750
34 8 85786
34 70 1282
142 206 51789
142 149 7950
142 145 11262
142 9 41598
206 213 24823
206 5 44045
206 79 14264
206 41 42676
213 180 94967
213 189 38219
213 152 31706
213 164 79557
180 223 33471
180 201 60948
180 19 82416
180 124 53237
223 5 14524
223 16 20779
223 111 17214
223 130 8638
223 8 89158
223 21 35192
223 220 45147
5 92 20719
5 166 28612
5 105 7722
92 141 21246
141 174 78200
141 137 33304
141 85 41702
141 158 99075
141 218 5727
141 198 64395
174 20 68505
174 47 13899
174 205 45296
174 31 56222
174 67 1344
174 58 63317
174 15 9741
174 9 74736
20 78 47950
20 111 99429
20 212 27331
20 134 90908
20 168 93068
78 149 32615
78 228 29856
78 6 28359
78 154 39679
78 100 42017
78 192 21679
78 222 15037
149 166 9709
149 183 57708
149 72 39862
149 210 48378
166 18 6685
166 192 34031
166 69 90645
18 24 62178
18 130 1621
18 164 35369
18 211 31504
18 55 97086
24 47 63838
24 123 95380
24 73 73732
24 25 19852
24 105 73177
47 207 66678
47 164 75618
47 86 30987
207 66 23617
207 208 8704
207 101 57846
66 167 74416
66 31 25426
66 126 54918
66 3 86628
66 85 52888
66 132 65157
167 200 60844
167 37 11063
167 208 29409
167 126 70664
167 45 95269
167 15 24008
167 186 55530
167 168 79947
200 13 55021
200 133 53809
200 8 38101
200 69 22571
200 28 93696
200 70 10521
13 49 24601
13 201 1368
13 112 3487
13 124 91711
13 70 44752
49 16 4411
49 22 28449
49 44 12166
49 55 82270
16 111 12977
16 134 99456
111 90 25892
111 8 58974
111 145 25639
111 101 350
111 77 45949
111 23 3681
111 118 79063
90 123 14063
90 10 44088
123 177 52713
123 154 52394
123 25 75087
177 109 46959
177 50 21781
177 26 36356
177 3 61528
177 195 3886
177 184 89076
177 112 89579
177 211 7739
177 12 81598
177 192 74801
177 25 28476
177 21 50934
177 41 41178
177 215 91780
177 145 51325
177 115 5493
177 44 85961
177 72 31251
177 65 80239
177 124 33905
177 43 17936
177 69 93418
177 114 62204
177 225 17916
177 67 9148
177 131 71182
177 129 41971
177 83 51046
177 58 48509
177 86 93976
177 204 3134
177 137 4446
177 101 9053
177 85 67546
177 105 78727
177 172 37813
177 148 58053
177 182 38857
177 173 59660
177 121 12752
177 132 56716
177 82 21612
177 45 36654
177 222 74147
177 165 4828
177 170 33422
177 87 12366
177 214 3943
177 7 43722
177 93 26913
177 62 14905
177 46 57144
177 102 92036
177 15 37058
177 32 89374
177 28 67885
177 186 87357
177 77 12671
177 144 63787
177 110 25408
177 59 91748
177 75 3890
177 2 93910
177 104 99701
177 178 38836
177 158 85454
177 196 56479
177 218 9520
177 27 69909
177 23 31456
177 136 82733
177 220 67981
177 40 99039
177 210 63316
177 9 21723
177 70 77175
177 118 33354
177 55 99073
177 10 9405
109 143 31070
143 48 70259
143 162 10112
143 12 49306
143 131 50361
143 101 85053
143 15 6890
143 28 50745
48 50 65778
48 91 49397
48 22 31636
48 104 16957
50 189 79848
50 19 48883
50 11 84599
50 115 63683
50 121 77239
189 157 13012
189 12 8959
189 44 71416
189 65 13577
189 114 13380
189 136 17724
189 10 17310
157 161 45708
157 3 24493
157 215 82261
157 214 10499
157 7 88622
157 46 9513
157 77 48069
157 118 92466
157 175 36527
161 228 31460
228 6 41319
228 224 89195
6 37 61544
6 115 65781
6 225 64723
37 205 52586
37 95 9501
205 81 69869
205 10 81780
81 133 99041
81 129 44372
81 105 31429
81 28 23278
81 218 27981
133 152 52061
133 164 73247
133 121 30127
152 130 46371
152 154 33197
152 192 68393
152 115 81492
152 23 38394
152 175 21294
130 162 35248
130 26 80099
130 15 14589
162 208 76609
162 36 38618
162 164 92761
162 10 19014
208 91 54459
208 126 66990
208 158 96298
208 70 61667
91 201 44375
91 85 86069
201 36 50742
201 211 29479
201 77 60184
201 218 58845
36 209 99594
36 104 46714
209 14 64248
209 82 22458
14 79 77111
14 151 41370
14 211 67885
14 132 16367
14 28 35159
79 31 97581
79 126 23160
79 183 32042
79 132 56879
79 198 8887
31 126 99044
31 137 68942
31 165 96415
31 186 20271
31 178 4111
126 73 86634
73 22 9061
73 131 36608
73 87 47929
73 10 95999
22 26 77009
22 211 7225
26 19 5191
26 3 37807
26 101 39864
26 93 84911
26 136 64633
19 38 54135
19 3 14364
19 7 8489
19 102 19680
19 32 47866
38 151 47558
38 101 23682
38 132 7701
38 62 23348
151 95 69606
151 69 17804
151 55 33329
95 154 80113
95 69 61971
95 131 45881
95 83 87899
95 101 89578
95 210 9442
95 198 22681
154 3 76829
154 204 35758
154 178 10868
154 136 18631
154 220 2022
154 210 97878
154 70 19913
3 11 25709
3 134 82932
3 192 76696
11 100 32972
11 114 45807
11 182 33445
100 212 83140
100 195 10749
212 33 13659
212 192 61853
212 115 60683
33 8 45342
33 134 49107
33 192 3711
33 7 62940
33 158 58976
8 164 60814
8 21 32261
8 72 95629
164 224 82763
164 121 29160
224 134 84929
224 21 99262
224 197 28141
134 183 20367
134 172 48298
134 28 20566
134 197 27594
183 105 48509
183 7 68634
195 65 54777
195 93 47243
184 132 46970
211 145 89879
211 54 76531
192 41 20122
192 87 11374
192 214 12750
192 15 85483
25 137 58956
25 101 51053
21 86 97826
41 148 25696
41 170 48923
215 69 85548
145 85 64683
115 118 23835
44 9 17717
72 129 15826
72 40 72158
65 54 6418
124 121 25061
69 114 9082
69 82 58640
69 54 38319
114 186 31220
114 198 75254
225 129 4832
225 85 81228
225 222 16046
225 178 36733
67 45 82721
67 198 23555
131 110 84947
129 102 83992
129 59 5893
129 218 95013
83 87 6768
83 196 6333
58 136 20623
58 175 57828
58 198 34318
86 85 14091
204 85 99239
204 182 3077
204 77 96967
204 178 240
204 198 89401
101 87 93385
85 93 50168
85 15 29765
105 102 23268
105 40 36264
105 54 22223
148 32 40600
148 59 6951
148 23 90346
182 28 3515
173 132 45956
173 9 42508
173 55 99152
121 136 7208
132 70 23443
82 165 44698
82 27 45554
45 165 42818
45 23 21360
222 158 25026
165 102 29358
170 9 4974
87 144 88008
87 158 3600
214 75 15397
214 178 63163
7 46 99654
93 59 82076
93 10 54943
46 158 58086
46 220 98678
15 198 61333
186 178 70759
186 136 65058
77 136 77916
144 23 7964
2 158 28618
2 118 19758
2 198 74491
158 168 52025
196 27 23685
196 136 28755
196 198 66176
70 54 58863
