230 1024
110 4 1
110 172 1
110 91 1
110 37 1
110 228 1
110 93 1
110 119 1
110 185 1
110 97 1
110 227 1
110 31 1
110 47 1
4 3 1
4 58 1
4 216 1
4 57 1
4 154 1
4 105 1
4 5 1
4 52 1
4 73 1
4 219 1
4 137 1
172 7 1
172 54 1
172 130 1
172 79 1
172 220 1
172 65 1
172 23 1
172 154 1
172 124 1
172 33 1
172 41 1
172 200 1
172 136 1
7 214 1
7 199 1
7 178 1
7 104 1
7 181 1
7 180 1
214 27 1
214 65 1
214 209 1
214 101 1
214 14 1
54 55 1
54 230 1
54 15 1
54 158 1
54 192 1
199 145 1
199 72 1
199 82 1
199 164 1
199 118 1
199 30 1
199 171 1
199 168 1
145 23 1
145 76 1
145 45 1
145 171 1
145 40 1
145 123 1
130 22 1
130 134 1
130 186 1
130 75 1
130 221 1
130 181 1
79 177 1
79 23 1
79 89 1
79 84 1
72 28 1
72 82 1
72 27 1
72 132 1
72 55 1
72 3 1
72 87 1
72 122 1
72 165 1
72 222 1
72 159 1
72 35 1
72 77 1
28 148 1
28 201 1
28 116 1
28 153 1
28 114 1
28 47 1
28 88 1
28 25 1
28 100 1
28 63 1
148 10 1
148 115 1
148 133 1
148 43 1
148 213 1
148 123 1
148 32 1
148 131 1
148 174 1
148 226 1
91 164 1
91 95 1
91 78 1
91 35 1
91 109 1
91 47 1
91 136 1
91 226 1
82 75 1
82 215 1
10 30 1
10 5 1
10 52 1
10 32 1
10 226 1
27 129 1
27 122 1
27 147 1
27 58 1
27 22 1
27 195 1
27 209 1
27 97 1
27 67 1
27 24 1
27 53 1
178 201 1
178 209 1
178 189 1
178 141 1
178 96 1
37 118 1
37 55 1
37 87 1
37 49 1
37 36 1
37 9 1
37 210 1
164 132 1
164 94 1
164 167 1
164 93 1
164 87 1
164 80 1
164 75 1
164 212 1
164 51 1
164 208 1
164 194 1
164 163 1
201 62 1
201 61 1
201 119 1
201 198 1
201 189 1
201 140 1
201 229 1
201 157 1
201 183 1
201 202 1
132 177 1
132 208 1
132 103 1
132 43 1
132 124 1
132 170 1
132 224 1
132 111 1
132 136 1
62 228 1
62 12 1
62 76 1
62 78 1
62 186 1
62 75 1
62 223 1
62 219 1
62 64 1
94 95 1
94 16 1
94 45 1
94 186 1
94 99 1
94 184 1
94 159 1
94 77 1
94 42 1
94 225 1
94 202 1
61 190 1
61 3 1
61 46 1
61 106 1
61 144 1
61 229 1
61 210 1
95 16 1
95 80 1
95 9 1
95 29 1
95 41 1
95 230 1
118 38 1
118 116 1
118 167 1
118 186 1
118 86 1
118 192 1
177 206 1
177 157 1
177 194 1
177 60 1
177 100 1
38 116 1
38 195 1
38 156 1
38 208 1
38 221 1
38 106 1
38 224 1
38 187 1
38 44 1
38 70 1
220 124 1
220 170 1
220 215 1
220 97 1
220 114 1
220 40 1
65 160 1
65 80 1
65 156 1
65 20 1
65 193 1
65 35 1
65 8 1
65 109 1
65 66 1
65 111 1
16 179 1
16 160 1
16 190 1
16 153 1
16 75 1
16 222 1
16 71 1
16 182 1
16 138 1
16 60 1
116 160 1
116 55 1
116 18 1
116 134 1
116 99 1
116 189 1
116 176 1
116 100 1
179 93 1
179 87 1
179 165 1
179 152 1
179 216 1
30 21 1
30 115 1
30 80 1
30 222 1
30 39 1
30 159 1
30 144 1
30 205 1
30 31 1
23 206 1
23 20 1
23 17 1
23 223 1
23 171 1
23 205 1
23 59 1
160 153 1
160 115 1
160 175 1
160 162 1
160 31 1
160 96 1
190 87 1
190 159 1
190 218 1
190 221 1
190 47 1
129 49 1
129 13 1
129 120 1
129 24 1
129 210 1
55 157 1
55 32 1
55 126 1
55 202 1
167 186 1
167 195 1
167 112 1
167 39 1
167 193 1
167 225 1
167 32 1
167 181 1
167 207 1
228 122 1
228 105 1
228 113 1
228 162 1
228 158 1
228 127 1
228 210 1
3 211 1
3 36 1
3 146 1
3 108 1
3 213 1
3 68 1
3 33 1
153 122 1
153 156 1
153 189 1
153 68 1
153 128 1
153 33 1
153 8 1
153 227 1
153 162 1
93 156 1
93 103 1
93 113 1
93 149 1
87 12 1
87 104 1
87 125 1
87 162 1
87 34 1
12 78 1
12 134 1
12 36 1
12 146 1
12 6 1
12 159 1
12 56 1
12 69 1
12 223 1
12 227 1
12 162 1
21 18 1
21 216 1
21 80 1
21 188 1
21 140 1
21 114 1
119 43 1
119 140 1
119 170 1
119 14 1
119 66 1
122 104 1
122 71 1
122 162 1
122 200 1
122 15 1
147 45 1
147 85 1
147 75 1
147 81 1
147 26 1
147 77 1
147 67 1
147 90 1
165 11 1
165 221 1
165 24 1
165 111 1
18 46 1
76 195 1
76 85 1
76 209 1
76 193 1
76 106 1
76 1 1
76 42 1
211 49 1
211 198 1
211 152 1
211 36 1
211 188 1
211 19 1
211 33 1
211 194 1
211 200 1
211 31 1
46 6 1
46 26 1
46 77 1
46 90 1
46 163 1
46 169 1
46 192 1
46 63 1
58 9 1
58 97 1
58 227 1
58 225 1
58 31 1
22 115 1
22 195 1
22 36 1
22 104 1
22 166 1
22 89 1
22 215 1
22 123 1
22 182 1
22 157 1
78 57 1
78 150 1
78 213 1
78 19 1
78 92 1
78 227 1
78 73 1
78 207 1
134 152 1
134 97 1
134 68 1
134 44 1
134 227 1
134 31 1
134 25 1
134 202 1
45 115 1
45 143 1
49 161 1
49 105 1
49 8 1
49 74 1
49 202 1
161 189 1
161 175 1
161 88 1
206 89 1
206 5 1
206 200 1
198 75 1
198 39 1
198 213 1
198 114 1
198 48 1
198 41 1
198 24 1
198 102 1
152 121 1
152 17 1
152 185 1
152 52 1
152 69 1
152 33 1
152 8 1
152 29 1
152 67 1
152 203 1
152 127 1
186 215 1
186 144 1
186 196 1
186 100 1
216 104 1
216 98 1
216 149 1
216 44 1
216 197 1
216 142 1
216 143 1
216 210 1
115 86 1
115 39 1
115 200 1
115 169 1
195 9 1
195 1 1
195 48 1
195 32 1
195 64 1
195 180 1
80 85 1
80 106 1
80 13 1
80 41 1
36 215 1
36 128 1
36 29 1
36 126 1
85 39 1
85 155 1
85 213 1
85 203 1
85 88 1
75 98 1
75 113 1
75 19 1
75 221 1
75 71 1
75 74 1
75 53 1
75 60 1
146 212 1
146 104 1
146 69 1
146 182 1
146 32 1
146 230 1
146 202 1
212 108 1
212 86 1
212 43 1
212 101 1
212 48 1
212 229 1
212 109 1
212 204 1
108 86 1
108 42 1
86 51 1
86 83 1
86 142 1
51 104 1
51 57 1
104 222 1
104 107 1
104 193 1
104 170 1
104 41 1
104 196 1
104 136 1
104 100 1
222 81 1
222 89 1
222 111 1
222 63 1
81 191 1
81 133 1
81 19 1
81 106 1
81 34 1
81 102 1
81 100 1
191 117 1
191 17 1
191 68 1
191 34 1
191 219 1
191 151 1
117 99 1
117 50 1
117 52 1
117 224 1
117 101 1
117 227 1
117 181 1
117 34 1
117 63 1
99 112 1
112 166 1
112 194 1
112 59 1
112 158 1
166 133 1
166 11 1
166 188 1
166 125 1
166 35 1
166 1 1
166 168 1
166 180 1
133 83 1
133 106 1
133 144 1
133 73 1
133 25 1
133 204 1
133 180 1
83 57 1
83 121 1
83 149 1
83 205 1
83 141 1
83 53 1
57 156 1
57 13 1
57 33 1
57 60 1
57 207 1
156 98 1
156 90 1
98 184 1
98 209 1
98 159 1
98 218 1
98 77 1
98 33 1
98 1 1
98 171 1
98 48 1
98 8 1
98 84 1
98 44 1
98 229 1
98 71 1
98 29 1
98 40 1
98 109 1
98 139 1
98 42 1
98 123 1
98 182 1
98 217 1
98 14 1
98 67 1
98 168 1
98 227 1
98 157 1
98 225 1
98 41 1
98 32 1
98 66 1
98 181 1
98 126 1
98 162 1
98 205 1
98 194 1
98 197 1
98 173 1
98 2 1
98 90 1
98 73 1
98 141 1
98 196 1
98 70 1
98 200 1
98 138 1
98 31 1
98 34 1
98 230 1
98 163 1
98 15 1
98 59 1
98 203 1
98 47 1
98 88 1
98 74 1
98 158 1
98 183 1
98 219 1
98 131 1
98 25 1
98 142 1
98 24 1
98 137 1
98 96 1
98 64 1
98 111 1
98 204 1
98 102 1
98 127 1
98 136 1
98 174 1
98 53 1
98 143 1
98 169 1
98 180 1
98 60 1
98 100 1
98 226 1
98 207 1
184 208 1
184 159 1
184 84 1
184 168 1
184 60 1
208 89 1
208 105 1
208 19 1
208 13 1
208 66 1
208 138 1
208 143 1
89 154 1
154 150 1
154 170 1
154 128 1
154 71 1
154 225 1
154 205 1
154 60 1
150 11 1
150 5 1
150 24 1
150 111 1
11 9 1
11 56 1
11 68 1
11 171 1
11 41 1
11 25 1
11 24 1
11 143 1
9 209 1
9 84 1
9 29 1
9 123 1
9 219 1
9 174 1
9 63 1
209 189 1
209 181 1
189 39 1
189 155 1
189 106 1
189 77 1
189 205 1
189 24 1
39 50 1
39 149 1
39 193 1
39 44 1
39 131 1
39 174 1
50 121 1
50 103 1
50 52 1
50 101 1
50 223 1
50 8 1
50 59 1
50 127 1
50 207 1
121 175 1
121 159 1
121 188 1
121 162 1
121 207 1
175 6 1
175 43 1
175 181 1
6 103 1
6 20 1
6 14 1
6 225 1
103 105 1
103 193 1
103 187 1
103 120 1
103 139 1
103 123 1
105 155 1
105 194 1
105 196 1
105 31 1
105 127 1
155 5 1
155 138 1
5 20 1
5 124 1
20 17 1
20 69 1
20 197 1
17 113 1
17 44 1
17 139 1
17 162 1
17 169 1
113 107 1
107 149 1
107 101 1
107 174 1
149 43 1
149 139 1
149 168 1
43 159 1
43 125 1
43 8 1
43 205 1
43 151 1
43 210 1
159 188 1
159 66 1
188 125 1
188 120 1
188 33 1
188 70 1
188 230 1
188 127 1
125 185 1
125 205 1
125 25 1
125 226 1
125 207 1
125 210 1
185 26 1
185 52 1
185 77 1
185 33 1
185 8 1
185 109 1
185 173 1
185 70 1
185 143 1
185 63 1
26 213 1
26 77 1
26 102 1
26 136 1
213 19 1
213 193 1
213 106 1
19 140 1
19 97 1
19 120 1
19 33 1
19 109 1
19 14 1
19 163 1
19 142 1
19 102 1
140 193 1
140 69 1
140 33 1
140 229 1
140 157 1
140 34 1
193 124 1
193 33 1
193 173 1
124 218 1
124 52 1
218 56 1
218 131 1
218 53 1
56 170 1
56 221 1
56 163 1
170 221 1
170 69 1
221 215 1
221 44 1
221 73 1
221 96 1
215 135 1
215 106 1
215 123 1
215 182 1
215 67 1
135 97 1
135 163 1
135 25 1
97 35 1
97 92 1
97 33 1
97 31 1
35 106 1
35 33 1
35 225 1
35 207 1
106 52 1
106 187 1
106 109 1
52 69 1
52 109 1
69 224 1
69 139 1
69 196 1
69 34 1
69 183 1
69 192 1
224 68 1
224 181 1
224 203 1
68 176 1
68 8 1
68 44 1
68 162 1
176 101 1
176 15 1
101 223 1
101 196 1
101 192 1
223 77 1
223 114 1
223 157 1
223 102 1
223 60 1
223 202 1
77 187 1
77 33 1
77 1 1
77 48 1
77 225 1
187 144 1
187 29 1
187 163 1
187 59 1
187 180 1
144 13 1
144 137 1
144 127 1
13 128 1
13 109 1
13 163 1
13 183 1
13 64 1
128 120 1
128 158 1
120 92 1
92 114 1
92 41 1
92 31 1
114 48 1
33 227 1
33 88 1
33 60 1
1 196 1
1 31 1
171 111 1
48 32 1
8 182 1
84 111 1
84 127 1
84 192 1
71 100 1
29 143 1
40 181 1
40 205 1
109 143 1
109 226 1
109 151 1
139 182 1
42 203 1
42 64 1
42 202 1
123 217 1
123 70 1
182 227 1
182 59 1
217 157 1
14 131 1
168 24 1
227 157 1
227 197 1
227 25 1
227 207 1
157 41 1
157 59 1
41 138 1
41 137 1
41 151 1
32 2 1
32 200 1
32 15 1
181 2 1
181 131 1
126 73 1
126 203 1
126 102 1
126 53 1
162 163 1
162 88 1
162 96 1
162 226 1
194 59 1
194 158 1
194 100 1
197 88 1
197 111 1
197 174 1
173 90 1
173 15 1
173 127 1
73 158 1
73 219 1
141 202 1
196 174 1
70 142 1
138 207 1
31 183 1
31 169 1
34 131 1
34 25 1
230 59 1
230 102 1
230 100 1
15 203 1
15 74 1
15 131 1
59 102 1
203 142 1
47 180 1
47 202 1
88 127 1
88 63 1
74 192 1
183 131 1
219 24 1
131 143 1
24 137 1
137 151 1
111 136 1
127 207 1
143 169 1
169 180 1
169 100 1
