100 2000
41 75 1
41 30 1
41 77 1
41 78 1
41 98 1
41 12 1
41 63 1
41 62 1
41 50 1
41 18 1
41 47 1
41 48 1
41 23 1
41 6 1
41 81 1
41 58 1
41 85 1
41 51 1
41 83 1
41 14 1
41 49 1
41 37 1
41 38 1
41 55 1
41 53 1
41 76 1
41 17 1
41 35 1
41 52 1
41 11 1
41 56 1
41 1 1
41 66 1
41 73 1
41 15 1
41 2 1
41 84 1
41 21 1
41 9 1
41 97 1
41 46 1
41 79 1
41 19 1
41 93 1
41 39 1
41 33 1
41 59 1
41 22 1
41 72 1
41 45 1
41 42 1
41 43 1
75 30 1
75 77 1
75 78 1
75 25 1
75 74 1
75 34 1
75 62 1
75 50 1
75 95 1
75 85 1
75 100 1
75 68 1
75 96 1
75 37 1
75 17 1
75 4 1
75 64 1
75 52 1
75 7 1
75 56 1
75 36 1
75 1 1
75 54 1
75 91 1
75 66 1
75 10 1
75 21 1
75 8 1
75 94 1
75 99 1
75 69 1
75 93 1
75 32 1
75 33 1
75 59 1
75 28 1
75 70 1
75 57 1
75 67 1
75 42 1
30 77 1
30 25 1
30 74 1
30 63 1
30 62 1
30 50 1
30 18 1
30 48 1
30 6 1
30 81 1
30 58 1
30 83 1
30 68 1
30 14 1
30 38 1
30 55 1
30 4 1
30 11 1
30 56 1
30 89 1
30 54 1
30 61 1
30 44 1
30 71 1
30 2 1
30 21 1
30 3 1
30 8 1
30 94 1
30 90 1
30 65 1
30 92 1
30 9 1
30 5 1
30 33 1
30 59 1
30 70 1
30 57 1
30 45 1
30 43 1
77 78 1
77 25 1
77 74 1
77 98 1
77 12 1
77 20 1
77 62 1
77 18 1
77 47 1
77 81 1
77 58 1
77 83 1
77 96 1
77 14 1
77 76 1
77 17 1
77 60 1
77 4 1
77 7 1
77 56 1
77 54 1
77 87 1
77 44 1
77 2 1
77 29 1
77 94 1
77 9 1
77 69 1
77 88 1
77 79 1
77 24 1
77 39 1
77 59 1
77 70 1
77 22 1
77 13 1
77 45 1
77 42 1
78 74 1
78 27 1
78 34 1
78 40 1
78 62 1
78 48 1
78 23 1
78 6 1
78 85 1
78 51 1
78 96 1
78 14 1
78 37 1
78 55 1
78 76 1
78 60 1
78 4 1
78 35 1
78 1 1
78 54 1
78 61 1
78 44 1
78 91 1
78 66 1
78 3 1
78 90 1
78 5 1
78 86 1
78 79 1
78 24 1
78 19 1
78 93 1
78 32 1
78 33 1
78 59 1
78 72 1
78 45 1
78 42 1
25 12 1
25 63 1
25 62 1
25 50 1
25 18 1
25 48 1
25 6 1
25 58 1
25 85 1
25 51 1
25 68 1
25 37 1
25 38 1
25 55 1
25 53 1
25 60 1
25 52 1
25 11 1
25 7 1
25 36 1
25 54 1
25 15 1
25 84 1
25 10 1
25 29 1
25 8 1
25 92 1
25 97 1
25 86 1
25 46 1
25 79 1
25 19 1
25 93 1
25 70 1
25 57 1
25 13 1
25 45 1
25 43 1
74 98 1
74 12 1
74 20 1
74 40 1
74 62 1
74 18 1
74 51 1
74 83 1
74 4 1
74 11 1
74 56 1
74 36 1
74 91 1
74 66 1
74 73 1
74 21 1
74 29 1
74 3 1
74 90 1
74 88 1
74 86 1
74 46 1
74 24 1
74 19 1
74 26 1
74 33 1
74 72 1
74 57 1
98 27 1
98 34 1
98 63 1
98 40 1
98 62 1
98 50 1
98 47 1
98 58 1
98 85 1
98 51 1
98 83 1
98 96 1
98 14 1
98 49 1
98 38 1
98 82 1
98 11 1
98 36 1
98 61 1
98 44 1
98 66 1
98 73 1
98 84 1
98 10 1
98 21 1
98 29 1
98 8 1
98 90 1
98 65 1
98 97 1
98 5 1
98 46 1
98 19 1
98 93 1
98 28 1
98 22 1
98 13 1
98 45 1
98 42 1
12 20 1
12 63 1
12 50 1
12 48 1
12 23 1
12 85 1
12 51 1
12 83 1
12 55 1
12 53 1
12 76 1
12 82 1
12 36 1
12 54 1
12 61 1
12 44 1
12 31 1
12 66 1
12 73 1
12 15 1
12 2 1
12 84 1
12 10 1
12 21 1
12 29 1
12 90 1
12 9 1
12 69 1
12 88 1
12 5 1
12 46 1
12 93 1
12 26 1
12 59 1
12 28 1
12 22 1
12 80 1
12 72 1
12 45 1
12 42 1
27 63 1
27 18 1
27 48 1
27 58 1
27 83 1
27 68 1
27 38 1
27 55 1
27 82 1
27 4 1
27 11 1
27 7 1
27 1 1
27 89 1
27 44 1
27 66 1
27 15 1
27 2 1
27 84 1
27 8 1
27 65 1
27 99 1
27 88 1
27 46 1
27 32 1
27 33 1
27 80 1
27 57 1
27 67 1
27 45 1
27 42 1
20 34 1
20 18 1
20 48 1
20 23 1
20 6 1
20 58 1
20 100 1
20 83 1
20 96 1
20 14 1
20 49 1
20 37 1
20 55 1
20 17 1
20 82 1
20 60 1
20 11 1
20 7 1
20 1 1
20 87 1
20 31 1
20 15 1
20 71 1
20 2 1
20 84 1
20 10 1
20 29 1
20 94 1
20 90 1
20 65 1
20 99 1
20 9 1
20 46 1
20 79 1
20 24 1
20 39 1
20 32 1
20 70 1
20 22 1
20 80 1
20 42 1
20 43 1
34 40 1
34 62 1
34 48 1
34 85 1
34 51 1
34 68 1
34 14 1
34 49 1
34 38 1
34 53 1
34 76 1
34 82 1
34 64 1
34 52 1
34 36 1
34 1 1
34 61 1
34 44 1
34 84 1
34 21 1
34 16 1
34 29 1
34 3 1
34 90 1
34 92 1
34 99 1
34 5 1
34 86 1
34 79 1
34 19 1
34 93 1
34 70 1
34 22 1
34 72 1
34 57 1
34 43 1
63 62 1
63 18 1
63 47 1
63 81 1
63 95 1
63 85 1
63 51 1
63 96 1
63 37 1
63 38 1
63 17 1
63 60 1
63 64 1
63 52 1
63 11 1
63 56 1
63 36 1
63 61 1
63 91 1
63 31 1
63 73 1
63 16 1
63 29 1
63 3 1
63 92 1
63 88 1
63 46 1
63 19 1
63 26 1
63 32 1
63 28 1
63 70 1
63 22 1
63 80 1
63 57 1
63 42 1
63 43 1
40 62 1
40 23 1
40 6 1
40 95 1
40 85 1
40 55 1
40 53 1
40 4 1
40 64 1
40 11 1
40 7 1
40 87 1
40 91 1
40 31 1
40 73 1
40 15 1
40 71 1
40 84 1
40 10 1
40 29 1
40 8 1
40 90 1
40 92 1
40 99 1
40 5 1
40 24 1
40 26 1
40 59 1
40 22 1
40 80 1
40 67 1
40 45 1
62 48 1
62 23 1
62 85 1
62 100 1
62 68 1
62 96 1
62 55 1
62 82 1
62 60 1
62 52 1
62 11 1
62 56 1
62 36 1
62 61 1
62 87 1
62 66 1
62 15 1
62 71 1
62 2 1
62 29 1
62 3 1
62 8 1
62 90 1
62 65 1
62 92 1
62 99 1
62 5 1
62 86 1
62 46 1
62 24 1
62 26 1
62 33 1
62 80 1
62 72 1
62 57 1
62 67 1
62 13 1
62 42 1
50 18 1
50 6 1
50 58 1
50 85 1
50 100 1
50 51 1
50 68 1
50 37 1
50 38 1
50 76 1
50 17 1
50 82 1
50 4 1
50 7 1
50 56 1
50 36 1
50 1 1
50 54 1
50 44 1
50 91 1
50 71 1
50 84 1
50 16 1
50 8 1
50 94 1
50 90 1
50 99 1
50 9 1
50 97 1
50 46 1
50 79 1
50 24 1
50 19 1
50 59 1
50 80 1
50 72 1
18 23 1
18 6 1
18 58 1
18 85 1
18 100 1
18 14 1
18 37 1
18 38 1
18 76 1
18 82 1
18 60 1
18 4 1
18 64 1
18 56 1
18 61 1
18 91 1
18 15 1
18 2 1
18 3 1
18 94 1
18 90 1
18 92 1
18 99 1
18 86 1
18 33 1
18 59 1
18 28 1
18 80 1
18 72 1
18 57 1
18 67 1
18 42 1
18 43 1
47 48 1
47 6 1
47 81 1
47 95 1
47 51 1
47 96 1
47 38 1
47 17 1
47 60 1
47 4 1
47 35 1
47 7 1
47 89 1
47 54 1
47 61 1
47 44 1
47 91 1
47 66 1
47 73 1
47 10 1
47 21 1
47 29 1
47 90 1
47 65 1
47 92 1
47 9 1
47 88 1
47 86 1
47 46 1
47 79 1
47 24 1
47 39 1
47 33 1
47 59 1
47 70 1
47 80 1
47 57 1
47 45 1
47 42 1
47 43 1
48 23 1
48 81 1
48 58 1
48 100 1
48 83 1
48 96 1
48 37 1
48 4 1
48 52 1
48 7 1
48 56 1
48 1 1
48 87 1
48 31 1
48 66 1
48 15 1
48 10 1
48 21 1
48 16 1
48 3 1
48 8 1
48 65 1
48 88 1
48 86 1
48 46 1
48 19 1
48 26 1
48 22 1
48 13 1
48 42 1
48 43 1
23 6 1
23 95 1
23 96 1
23 14 1
23 49 1
23 37 1
23 55 1
23 76 1
23 17 1
23 60 1
23 64 1
23 7 1
23 36 1
23 89 1
23 87 1
23 91 1
23 31 1
23 15 1
23 2 1
23 84 1
23 21 1
23 29 1
23 8 1
23 90 1
23 97 1
23 39 1
23 59 1
23 80 1
23 72 1
23 43 1
6 81 1
6 95 1
6 100 1
6 49 1
6 53 1
6 17 1
6 60 1
6 64 1
6 52 1
6 89 1
6 54 1
6 87 1
6 31 1
6 73 1
6 71 1
6 84 1
6 10 1
6 16 1
6 29 1
6 90 1
6 92 1
6 99 1
6 69 1
6 5 1
6 86 1
6 24 1
6 19 1
6 39 1
6 32 1
6 70 1
6 67 1
6 42 1
81 58 1
81 100 1
81 83 1
81 14 1
81 49 1
81 55 1
81 53 1
81 82 1
81 35 1
81 7 1
81 89 1
81 54 1
81 87 1
81 44 1
81 31 1
81 73 1
81 15 1
81 71 1
81 84 1
81 10 1
81 16 1
81 3 1
81 94 1
81 90 1
81 92 1
81 99 1
81 5 1
81 86 1
81 24 1
81 33 1
81 28 1
81 70 1
81 57 1
81 67 1
81 13 1
81 45 1
58 95 1
58 85 1
58 68 1
58 37 1
58 38 1
58 4 1
58 52 1
58 56 1
58 89 1
58 87 1
58 44 1
58 73 1
58 15 1
58 3 1
58 99 1
58 9 1
58 88 1
58 46 1
58 24 1
58 39 1
58 33 1
58 59 1
58 70 1
58 80 1
58 72 1
58 57 1
58 67 1
58 42 1
58 43 1
95 85 1
95 100 1
95 96 1
95 76 1
95 11 1
95 7 1
95 36 1
95 54 1
95 31 1
95 66 1
95 15 1
95 2 1
95 84 1
95 21 1
95 65 1
95 5 1
95 79 1
95 26 1
95 39 1
95 32 1
95 33 1
95 70 1
95 22 1
95 67 1
95 43 1
85 100 1
85 14 1
85 76 1
85 35 1
85 52 1
85 36 1
85 1 1
85 54 1
85 87 1
85 44 1
85 91 1
85 31 1
85 73 1
85 71 1
85 16 1
85 3 1
85 9 1
85 88 1
85 97 1
85 19 1
85 93 1
85 26 1
85 33 1
85 59 1
85 22 1
85 72 1
85 57 1
85 67 1
85 13 1
85 45 1
100 51 1
100 68 1
100 37 1
100 76 1
100 17 1
100 82 1
100 4 1
100 35 1
100 11 1
100 1 1
100 87 1
100 44 1
100 91 1
100 31 1
100 15 1
100 84 1
100 10 1
100 90 1
100 92 1
100 88 1
100 5 1
100 46 1
100 93 1
100 39 1
100 32 1
100 33 1
100 59 1
100 22 1
100 67 1
51 83 1
51 96 1
51 53 1
51 17 1
51 60 1
51 4 1
51 64 1
51 36 1
51 1 1
51 87 1
51 44 1
51 91 1
51 31 1
51 66 1
51 73 1
51 15 1
51 84 1
51 10 1
51 21 1
51 29 1
51 94 1
51 99 1
51 79 1
51 93 1
51 26 1
51 39 1
51 67 1
51 13 1
51 42 1
83 68 1
83 96 1
83 37 1
83 53 1
83 4 1
83 35 1
83 64 1
83 52 1
83 11 1
83 7 1
83 56 1
83 36 1
83 1 1
83 89 1
83 54 1
83 61 1
83 87 1
83 44 1
83 91 1
83 31 1
83 66 1
83 73 1
83 15 1
83 71 1
83 2 1
83 84 1
83 3 1
83 8 1
83 90 1
83 88 1
83 33 1
83 80 1
83 72 1
83 45 1
83 43 1
68 96 1
68 76 1
68 60 1
68 11 1
68 7 1
68 56 1
68 1 1
68 87 1
68 31 1
68 73 1
68 15 1
68 84 1
68 21 1
68 16 1
68 3 1
68 8 1
68 90 1
68 9 1
68 97 1
68 5 1
68 46 1
68 79 1
68 19 1
68 26 1
68 39 1
68 33 1
68 59 1
68 28 1
68 70 1
68 80 1
68 57 1
68 67 1
68 42 1
96 14 1
96 53 1
96 64 1
96 36 1
96 1 1
96 61 1
96 44 1
96 21 1
96 16 1
96 8 1
96 90 1
96 65 1
96 92 1
96 99 1
96 69 1
96 88 1
96 86 1
96 19 1
96 26 1
96 33 1
96 70 1
96 22 1
96 80 1
96 43 1
14 49 1
14 37 1
14 17 1
14 82 1
14 1 1
14 89 1
14 54 1
14 44 1
14 73 1
14 71 1
14 84 1
14 10 1
14 16 1
14 29 1
14 3 1
14 8 1
14 94 1
14 92 1
14 97 1
14 86 1
14 93 1
14 39 1
14 59 1
14 28 1
14 72 1
14 67 1
49 37 1
49 38 1
49 76 1
49 60 1
49 4 1
49 35 1
49 36 1
49 1 1
49 54 1
49 91 1
49 31 1
49 2 1
49 10 1
49 16 1
49 3 1
49 8 1
49 65 1
49 9 1
49 86 1
49 46 1
49 79 1
49 39 1
49 32 1
49 33 1
49 59 1
49 80 1
49 45 1
49 42 1
49 43 1
37 38 1
37 55 1
37 53 1
37 17 1
37 4 1
37 35 1
37 64 1
37 52 1
37 56 1
37 36 1
37 1 1
37 61 1
37 44 1
37 73 1
37 29 1
37 8 1
37 94 1
37 92 1
37 69 1
37 88 1
37 86 1
37 39 1
37 32 1
37 33 1
37 59 1
37 28 1
37 80 1
37 72 1
37 57 1
37 42 1
38 55 1
38 76 1
38 82 1
38 35 1
38 7 1
38 54 1
38 61 1
38 31 1
38 71 1
38 16 1
38 8 1
38 94 1
38 90 1
38 69 1
38 97 1
38 5 1
38 86 1
38 79 1
38 26 1
38 32 1
55 53 1
55 76 1
55 17 1
55 82 1
55 4 1
55 35 1
55 11 1
55 7 1
55 56 1
55 1 1
55 89 1
55 61 1
55 91 1
55 73 1
55 15 1
55 2 1
55 10 1
55 3 1
55 92 1
55 99 1
55 9 1
55 88 1
55 5 1
55 46 1
55 19 1
55 26 1
55 22 1
55 72 1
55 57 1
55 67 1
55 13 1
55 45 1
55 42 1
53 76 1
53 60 1
53 4 1
53 35 1
53 64 1
53 7 1
53 36 1
53 54 1
53 61 1
53 44 1
53 31 1
53 66 1
53 71 1
53 2 1
53 10 1
53 21 1
53 29 1
53 8 1
53 94 1
53 69 1
53 5 1
53 46 1
53 19 1
53 26 1
53 28 1
53 70 1
53 22 1
53 80 1
53 13 1
53 42 1
76 17 1
76 82 1
76 64 1
76 56 1
76 89 1
76 87 1
76 31 1
76 66 1
76 71 1
76 84 1
76 16 1
76 99 1
76 69 1
76 88 1
76 46 1
76 79 1
76 32 1
76 33 1
76 28 1
76 70 1
76 72 1
76 13 1
76 45 1
76 43 1
17 82 1
17 64 1
17 52 1
17 1 1
17 66 1
17 10 1
17 21 1
17 29 1
17 8 1
17 94 1
17 90 1
17 92 1
17 99 1
17 69 1
17 88 1
17 97 1
17 46 1
17 59 1
17 57 1
82 60 1
82 4 1
82 52 1
82 11 1
82 7 1
82 1 1
82 44 1
82 71 1
82 84 1
82 10 1
82 21 1
82 16 1
82 29 1
82 3 1
82 8 1
82 90 1
82 65 1
82 92 1
82 99 1
82 69 1
82 39 1
82 32 1
82 59 1
82 13 1
82 42 1
82 43 1
60 35 1
60 52 1
60 11 1
60 56 1
60 89 1
60 54 1
60 61 1
60 91 1
60 73 1
60 15 1
60 71 1
60 84 1
60 10 1
60 21 1
60 92 1
60 99 1
60 32 1
60 59 1
60 72 1
60 57 1
60 45 1
60 42 1
60 43 1
4 35 1
4 52 1
4 11 1
4 7 1
4 56 1
4 1 1
4 91 1
4 15 1
4 2 1
4 84 1
4 3 1
4 8 1
4 90 1
4 65 1
4 9 1
4 88 1
4 5 1
4 86 1
4 46 1
4 79 1
4 93 1
4 32 1
4 59 1
4 22 1
4 72 1
4 67 1
4 42 1
4 43 1
35 64 1
35 56 1
35 36 1
35 1 1
35 91 1
35 71 1
35 21 1
35 8 1
35 94 1
35 90 1
35 99 1
35 46 1
35 39 1
35 33 1
35 59 1
35 28 1
35 22 1
35 80 1
35 72 1
35 67 1
35 42 1
35 43 1
64 52 1
64 56 1
64 1 1
64 54 1
64 44 1
64 31 1
64 66 1
64 84 1
64 21 1
64 8 1
64 94 1
64 9 1
64 88 1
64 5 1
64 46 1
64 79 1
64 19 1
64 26 1
64 32 1
64 59 1
64 70 1
64 22 1
64 72 1
64 57 1
52 56 1
52 89 1
52 44 1
52 31 1
52 73 1
52 84 1
52 16 1
52 8 1
52 90 1
52 65 1
52 92 1
52 88 1
52 97 1
52 5 1
52 24 1
52 59 1
11 1 1
11 54 1
11 61 1
11 87 1
11 44 1
11 66 1
11 21 1
11 8 1
11 90 1
11 65 1
11 99 1
11 5 1
11 79 1
11 24 1
11 19 1
11 93 1
11 33 1
11 28 1
11 22 1
11 80 1
11 67 1
11 13 1
11 45 1
11 43 1
7 36 1
7 1 1
7 89 1
7 54 1
7 61 1
7 73 1
7 15 1
7 71 1
7 21 1
7 29 1
7 3 1
7 90 1
7 69 1
7 5 1
7 79 1
7 19 1
7 93 1
7 26 1
7 32 1
7 59 1
7 57 1
7 13 1
56 1 1
56 44 1
56 91 1
56 15 1
56 10 1
56 21 1
56 16 1
56 29 1
56 3 1
56 94 1
56 90 1
56 9 1
56 5 1
56 86 1
56 46 1
56 24 1
56 93 1
56 26 1
56 59 1
56 22 1
56 57 1
56 13 1
56 45 1
36 1 1
36 54 1
36 91 1
36 66 1
36 15 1
36 71 1
36 2 1
36 84 1
36 10 1
36 16 1
36 90 1
36 88 1
36 86 1
36 79 1
36 93 1
36 32 1
36 59 1
36 28 1
36 22 1
36 13 1
1 89 1
1 61 1
1 87 1
1 44 1
1 91 1
1 31 1
1 84 1
1 29 1
1 94 1
1 65 1
1 92 1
1 99 1
1 46 1
1 24 1
1 19 1
1 93 1
1 59 1
1 28 1
1 70 1
1 22 1
1 72 1
1 13 1
1 45 1
1 42 1
89 61 1
89 44 1
89 15 1
89 84 1
89 3 1
89 8 1
89 94 1
89 90 1
89 65 1
89 92 1
89 9 1
89 97 1
89 46 1
89 24 1
89 39 1
89 59 1
89 28 1
89 70 1
89 67 1
89 13 1
54 44 1
54 66 1
54 73 1
54 15 1
54 2 1
54 10 1
54 94 1
54 90 1
54 99 1
54 88 1
54 86 1
54 46 1
54 24 1
54 93 1
54 26 1
54 39 1
54 59 1
54 28 1
54 70 1
54 45 1
61 44 1
61 71 1
61 84 1
61 10 1
61 29 1
61 3 1
61 90 1
61 99 1
61 9 1
61 5 1
61 86 1
61 79 1
61 93 1
61 59 1
61 80 1
87 44 1
87 31 1
87 66 1
87 73 1
87 15 1
87 2 1
87 21 1
87 3 1
87 8 1
87 90 1
87 92 1
87 69 1
87 88 1
87 5 1
87 86 1
87 46 1
87 19 1
87 93 1
87 26 1
87 39 1
87 80 1
87 72 1
87 45 1
44 73 1
44 71 1
44 16 1
44 8 1
44 94 1
44 65 1
44 9 1
44 5 1
44 39 1
44 32 1
44 80 1
44 57 1
44 13 1
44 45 1
44 42 1
44 43 1
91 31 1
91 73 1
91 71 1
91 84 1
91 16 1
91 29 1
91 94 1
91 90 1
91 9 1
91 88 1
91 5 1
91 86 1
91 46 1
91 79 1
91 19 1
91 39 1
91 70 1
91 22 1
91 67 1
91 13 1
91 42 1
31 66 1
31 15 1
31 71 1
31 2 1
31 3 1
31 8 1
31 90 1
31 65 1
31 99 1
31 9 1
31 88 1
31 97 1
31 5 1
31 86 1
31 24 1
31 33 1
31 70 1
31 22 1
31 72 1
31 57 1
31 13 1
66 73 1
66 15 1
66 2 1
66 10 1
66 3 1
66 90 1
66 99 1
66 46 1
66 26 1
66 32 1
66 28 1
66 80 1
66 72 1
66 13 1
66 45 1
66 43 1
73 15 1
73 71 1
73 2 1
73 10 1
73 21 1
73 29 1
73 3 1
73 94 1
73 90 1
73 88 1
73 19 1
73 39 1
73 32 1
73 59 1
73 28 1
73 72 1
73 67 1
73 45 1
73 43 1
15 2 1
15 16 1
15 29 1
15 8 1
15 24 1
15 93 1
15 39 1
15 28 1
15 70 1
15 13 1
15 42 1
71 2 1
71 29 1
71 94 1
71 92 1
71 99 1
71 9 1
71 69 1
71 5 1
71 79 1
71 19 1
71 57 1
71 67 1
71 45 1
71 42 1
2 10 1
2 16 1
2 3 1
2 94 1
2 65 1
2 92 1
2 69 1
2 97 1
2 24 1
2 19 1
2 39 1
2 33 1
2 70 1
2 22 1
2 80 1
2 13 1
2 45 1
2 42 1
84 92 1
84 99 1
84 9 1
84 69 1
84 97 1
84 46 1
84 93 1
84 26 1
84 33 1
84 28 1
84 70 1
84 22 1
84 80 1
84 13 1
84 43 1
10 16 1
10 99 1
10 9 1
10 97 1
10 5 1
10 46 1
10 24 1
10 19 1
10 93 1
10 39 1
10 28 1
10 22 1
10 80 1
10 72 1
10 45 1
10 42 1
21 3 1
21 8 1
21 94 1
21 90 1
21 9 1
21 69 1
21 97 1
21 5 1
21 93 1
21 33 1
21 72 1
21 57 1
16 29 1
16 3 1
16 94 1
16 90 1
16 65 1
16 92 1
16 5 1
16 86 1
16 46 1
16 24 1
16 33 1
16 59 1
16 28 1
16 57 1
16 13 1
16 42 1
29 8 1
29 92 1
29 69 1
29 88 1
29 97 1
29 24 1
29 19 1
29 39 1
29 72 1
29 43 1
3 8 1
3 90 1
3 65 1
3 92 1
3 97 1
3 86 1
3 24 1
3 26 1
3 39 1
3 32 1
3 59 1
3 22 1
3 72 1
3 13 1
8 65 1
8 92 1
8 99 1
8 88 1
8 97 1
8 46 1
8 79 1
8 24 1
8 19 1
8 33 1
8 72 1
8 42 1
94 92 1
94 9 1
94 88 1
94 97 1
94 5 1
94 86 1
94 70 1
94 22 1
94 80 1
94 72 1
94 13 1
94 42 1
94 43 1
90 99 1
90 88 1
90 46 1
90 79 1
90 39 1
90 32 1
90 33 1
90 67 1
90 42 1
90 43 1
65 99 1
65 88 1
65 97 1
65 24 1
65 19 1
65 26 1
65 32 1
65 59 1
65 22 1
65 57 1
92 99 1
92 69 1
92 97 1
92 86 1
92 46 1
92 79 1
92 19 1
92 93 1
92 26 1
92 33 1
92 59 1
92 28 1
92 22 1
92 72 1
92 67 1
92 42 1
99 69 1
99 97 1
99 39 1
99 28 1
99 22 1
99 13 1
99 42 1
9 88 1
9 5 1
9 86 1
9 59 1
9 28 1
9 72 1
9 57 1
9 67 1
9 43 1
69 97 1
69 86 1
69 46 1
69 24 1
69 93 1
69 33 1
69 42 1
69 43 1
88 86 1
88 93 1
88 26 1
88 33 1
88 59 1
88 28 1
88 80 1
88 45 1
97 26 1
97 39 1
97 72 1
5 79 1
5 19 1
5 59 1
5 80 1
5 57 1
5 13 1
86 24 1
86 32 1
86 72 1
86 67 1
46 33 1
46 59 1
46 70 1
46 22 1
46 13 1
46 45 1
46 42 1
79 93 1
79 26 1
79 59 1
79 28 1
79 70 1
79 22 1
79 80 1
79 57 1
79 67 1
79 43 1
24 19 1
24 93 1
24 39 1
24 32 1
24 33 1
24 59 1
24 22 1
24 80 1
24 13 1
19 39 1
19 33 1
19 22 1
19 80 1
19 72 1
19 67 1
19 13 1
19 45 1
19 43 1
93 26 1
93 33 1
93 80 1
93 45 1
93 42 1
26 32 1
26 28 1
26 22 1
26 80 1
26 67 1
26 42 1
26 43 1
39 32 1
39 59 1
39 28 1
39 57 1
39 67 1
39 13 1
39 45 1
39 42 1
32 28 1
32 70 1
32 22 1
32 72 1
32 67 1
32 13 1
32 42 1
33 59 1
33 28 1
33 22 1
33 42 1
59 70 1
59 22 1
59 72 1
59 45 1
28 70 1
28 80 1
28 72 1
70 22 1
70 80 1
70 72 1
70 13 1
22 80 1
22 67 1
22 13 1
22 45 1
22 43 1
80 72 1
80 57 1
80 13 1
80 45 1
80 43 1
72 57 1
72 13 1
72 45 1
13 42 1
45 43 1
42 43 1
