230 9782
59 93 1
59 216 1
59 86 1
59 179 1
59 61 1
59 177 1
59 62 1
59 147 1
59 211 1
59 183 1
59 129 1
59 122 1
59 119 1
59 148 1
59 83 1
59 115 1
59 18 1
59 47 1
59 164 1
59 101 1
59 13 1
59 33 1
59 73 1
59 159 1
59 17 1
59 107 1
59 21 1
59 92 1
59 145 1
59 35 1
59 205 1
59 227 1
59 162 1
59 141 1
59 124 1
59 143 1
59 39 1
59 78 1
59 171 1
59 49 1
59 219 1
59 220 1
59 25 1
59 180 1
59 214 1
59 95 1
59 46 1
59 50 1
59 77 1
59 45 1
59 196 1
59 176 1
59 32 1
59 194 1
59 42 1
59 19 1
59 120 1
59 20 1
59 198 1
59 72 1
59 79 1
59 9 1
59 1 1
59 31 1
59 68 1
59 14 1
59 144 1
59 76 1
59 108 1
59 182 1
59 136 1
59 37 1
59 185 1
59 75 1
59 69 1
59 70 1
59 150 1
59 96 1
59 7 1
59 103 1
59 117 1
59 157 1
93 114 1
93 216 1
93 86 1
93 98 1
93 179 1
93 193 1
93 6 1
93 129 1
93 122 1
93 119 1
93 66 1
93 202 1
93 115 1
93 174 1
93 47 1
93 13 1
93 33 1
93 173 1
93 226 1
93 159 1
93 97 1
93 80 1
93 126 1
93 23 1
93 138 1
93 186 1
93 187 1
93 217 1
93 210 1
93 57 1
93 218 1
93 205 1
93 48 1
93 30 1
93 224 1
93 49 1
93 175 1
93 197 1
93 220 1
93 180 1
93 85 1
93 12 1
93 24 1
93 199 1
93 51 1
93 156 1
93 125 1
93 176 1
93 123 1
93 53 1
93 154 1
93 146 1
93 137 1
93 20 1
93 130 1
93 72 1
93 4 1
93 140 1
93 44 1
93 31 1
93 203 1
93 144 1
93 15 1
93 182 1
93 139 1
93 112 1
93 58 1
93 75 1
93 188 1
93 89 1
93 94 1
93 96 1
93 168 1
93 5 1
93 103 1
93 166 1
114 98 1
114 177 1
114 62 1
114 211 1
114 193 1
114 6 1
114 221 1
114 155 1
114 10 1
114 115 1
114 173 1
114 73 1
114 159 1
114 55 1
114 80 1
114 217 1
114 222 1
114 210 1
114 41 1
114 212 1
114 57 1
114 107 1
114 21 1
114 92 1
114 118 1
114 145 1
114 124 1
114 207 1
114 30 1
114 213 1
114 78 1
114 224 1
114 29 1
114 171 1
114 49 1
114 219 1
114 25 1
114 180 1
114 95 1
114 46 1
114 165 1
114 121 1
114 12 1
114 24 1
114 161 1
114 50 1
114 51 1
114 82 1
114 56 1
114 77 1
114 142 1
114 223 1
114 125 1
114 196 1
114 176 1
114 123 1
114 84 1
114 206 1
114 189 1
114 158 1
114 154 1
114 194 1
114 71 1
114 146 1
114 42 1
114 19 1
114 54 1
114 120 1
114 20 1
114 198 1
114 130 1
114 225 1
114 153 1
114 140 1
114 79 1
114 44 1
114 9 1
114 1 1
114 28 1
114 31 1
114 128 1
114 68 1
114 74 1
114 76 1
114 105 1
114 99 1
114 134 1
114 139 1
114 172 1
114 112 1
114 185 1
114 102 1
114 75 1
114 188 1
114 69 1
114 70 1
114 150 1
114 209 1
114 167 1
114 103 1
216 86 1
216 98 1
216 179 1
216 177 1
216 26 1
216 122 1
216 119 1
216 66 1
216 81 1
216 18 1
216 47 1
216 101 1
216 13 1
216 43 1
216 63 1
216 38 1
216 159 1
216 55 1
216 97 1
216 80 1
216 8 1
216 23 1
216 222 1
216 41 1
216 212 1
216 152 1
216 145 1
216 35 1
216 48 1
216 141 1
216 30 1
216 78 1
216 29 1
216 85 1
216 135 1
216 12 1
216 91 1
216 199 1
216 191 1
216 65 1
216 142 1
216 223 1
216 196 1
216 208 1
216 106 1
216 109 1
216 84 1
216 158 1
216 71 1
216 146 1
216 19 1
216 54 1
216 130 1
216 140 1
216 40 1
216 79 1
216 44 1
216 9 1
216 28 1
216 31 1
216 128 1
216 14 1
216 110 1
216 76 1
216 108 1
216 151 1
216 105 1
216 99 1
216 139 1
216 172 1
216 102 1
216 188 1
216 96 1
216 209 1
216 5 1
216 117 1
216 3 1
86 179 1
86 177 1
86 147 1
86 193 1
86 11 1
86 6 1
86 119 1
86 148 1
86 81 1
86 88 1
86 10 1
86 174 1
86 181 1
86 43 1
86 229 1
86 38 1
86 73 1
86 80 1
86 126 1
86 23 1
86 186 1
86 41 1
86 92 1
86 192 1
86 141 1
86 124 1
86 132 1
86 16 1
86 78 1
86 100 1
86 163 1
86 219 1
86 197 1
86 25 1
86 230 1
86 12 1
86 161 1
86 91 1
86 199 1
86 51 1
86 82 1
86 201 1
86 191 1
86 45 1
86 111 1
86 208 1
86 84 1
86 206 1
86 2 1
86 194 1
86 20 1
86 198 1
86 153 1
86 170 1
86 195 1
86 74 1
86 22 1
86 110 1
86 15 1
86 182 1
86 151 1
86 105 1
86 134 1
86 172 1
86 27 1
86 58 1
86 75 1
86 89 1
86 150 1
86 96 1
86 168 1
86 103 1
86 166 1
98 61 1
98 169 1
98 193 1
98 6 1
98 129 1
98 116 1
98 81 1
98 155 1
98 88 1
98 83 1
98 160 1
98 184 1
98 164 1
98 173 1
98 64 1
98 43 1
98 229 1
98 97 1
98 126 1
98 8 1
98 138 1
98 222 1
98 210 1
98 107 1
98 92 1
98 218 1
98 152 1
98 205 1
98 227 1
98 48 1
98 39 1
98 132 1
98 16 1
98 163 1
98 29 1
98 127 1
98 219 1
98 197 1
98 180 1
98 214 1
98 85 1
98 161 1
98 156 1
98 223 1
98 196 1
98 176 1
98 123 1
98 84 1
98 189 1
98 2 1
98 154 1
98 194 1
98 146 1
98 137 1
98 178 1
98 120 1
98 20 1
98 72 1
98 153 1
98 140 1
98 79 1
98 170 1
98 28 1
98 203 1
98 128 1
98 68 1
98 105 1
98 99 1
98 134 1
98 37 1
98 139 1
98 185 1
98 75 1
98 89 1
98 69 1
98 70 1
98 204 1
98 96 1
98 168 1
98 5 1
179 61 1
179 177 1
179 62 1
179 147 1
179 11 1
179 183 1
179 6 1
179 122 1
179 202 1
179 18 1
179 174 1
179 164 1
179 43 1
179 63 1
179 73 1
179 80 1
179 200 1
179 17 1
179 126 1
179 186 1
179 210 1
179 212 1
179 107 1
179 21 1
179 92 1
179 145 1
179 124 1
179 213 1
179 132 1
179 16 1
179 100 1
179 127 1
179 95 1
179 46 1
179 12 1
179 24 1
179 50 1
179 82 1
179 201 1
179 56 1
179 191 1
179 60 1
179 65 1
179 208 1
179 106 1
179 206 1
179 189 1
179 32 1
179 2 1
179 154 1
179 120 1
179 198 1
179 72 1
179 153 1
179 140 1
179 79 1
179 9 1
179 1 1
179 31 1
179 90 1
179 74 1
179 22 1
179 144 1
179 110 1
179 76 1
179 108 1
179 15 1
179 182 1
179 105 1
179 99 1
179 134 1
179 112 1
179 58 1
179 75 1
179 69 1
179 94 1
179 150 1
179 168 1
179 167 1
179 113 1
179 117 1
61 177 1
61 169 1
61 26 1
61 183 1
61 36 1
61 66 1
61 221 1
61 148 1
61 116 1
61 10 1
61 202 1
61 115 1
61 160 1
61 101 1
61 181 1
61 63 1
61 38 1
61 226 1
61 159 1
61 87 1
61 55 1
61 17 1
61 133 1
61 138 1
61 186 1
61 187 1
61 222 1
61 210 1
61 107 1
61 92 1
61 145 1
61 192 1
61 205 1
61 124 1
61 131 1
61 213 1
61 132 1
61 67 1
61 16 1
61 171 1
61 127 1
61 197 1
61 180 1
61 95 1
61 215 1
61 24 1
61 91 1
61 82 1
61 56 1
61 191 1
61 156 1
61 142 1
61 45 1
61 223 1
61 176 1
61 123 1
61 109 1
61 84 1
61 71 1
61 146 1
61 178 1
61 54 1
61 120 1
61 20 1
61 198 1
61 130 1
61 153 1
61 40 1
61 9 1
61 195 1
61 1 1
61 74 1
61 110 1
61 76 1
61 15 1
61 182 1
61 99 1
61 134 1
61 58 1
61 70 1
61 94 1
61 150 1
61 204 1
61 96 1
61 209 1
61 5 1
61 103 1
61 157 1
177 169 1
177 193 1
177 183 1
177 6 1
177 116 1
177 10 1
177 160 1
177 18 1
177 101 1
177 181 1
177 33 1
177 63 1
177 229 1
177 200 1
177 17 1
177 126 1
177 138 1
177 187 1
177 222 1
177 107 1
177 21 1
177 152 1
177 192 1
177 227 1
177 48 1
177 39 1
177 30 1
177 67 1
177 163 1
177 34 1
177 171 1
177 49 1
177 175 1
177 219 1
177 214 1
177 95 1
177 165 1
177 215 1
177 199 1
177 51 1
177 56 1
177 77 1
177 60 1
177 156 1
177 142 1
177 176 1
177 109 1
177 206 1
177 52 1
177 71 1
177 137 1
177 178 1
177 54 1
177 130 1
177 4 1
177 170 1
177 1 1
177 28 1
177 203 1
177 14 1
177 22 1
177 108 1
177 99 1
177 136 1
177 58 1
177 149 1
177 89 1
177 70 1
177 204 1
177 168 1
177 103 1
177 166 1
62 169 1
62 26 1
62 36 1
62 119 1
62 81 1
62 10 1
62 115 1
62 160 1
62 184 1
62 174 1
62 101 1
62 173 1
62 64 1
62 63 1
62 38 1
62 226 1
62 55 1
62 126 1
62 23 1
62 186 1
62 217 1
62 107 1
62 92 1
62 118 1
62 162 1
62 141 1
62 124 1
62 207 1
62 39 1
62 104 1
62 132 1
62 224 1
62 29 1
62 127 1
62 175 1
62 25 1
62 165 1
62 230 1
62 121 1
62 50 1
62 199 1
62 201 1
62 56 1
62 191 1
62 65 1
62 142 1
62 45 1
62 208 1
62 106 1
62 123 1
62 84 1
62 158 1
62 52 1
62 32 1
62 154 1
62 137 1
62 42 1
62 19 1
62 72 1
62 4 1
62 153 1
62 40 1
62 79 1
62 9 1
62 74 1
62 144 1
62 76 1
62 15 1
62 134 1
62 112 1
62 27 1
62 102 1
62 190 1
62 70 1
62 94 1
62 150 1
62 204 1
62 96 1
62 168 1
62 167 1
62 113 1
62 117 1
62 157 1
169 147 1
169 26 1
169 6 1
169 129 1
169 119 1
169 66 1
169 148 1
169 155 1
169 202 1
169 115 1
169 184 1
169 164 1
169 181 1
169 33 1
169 64 1
169 229 1
169 226 1
169 159 1
169 97 1
169 200 1
169 186 1
169 187 1
169 107 1
169 218 1
169 152 1
169 118 1
169 162 1
169 78 1
169 163 1
169 34 1
169 29 1
169 171 1
169 127 1
169 49 1
169 175 1
169 197 1
169 25 1
169 180 1
169 214 1
169 95 1
169 165 1
169 230 1
169 121 1
169 12 1
169 91 1
169 51 1
169 56 1
169 191 1
169 156 1
169 45 1
169 125 1
169 176 1
169 32 1
169 154 1
169 194 1
169 19 1
169 178 1
169 198 1
169 130 1
169 225 1
169 153 1
169 140 1
169 40 1
169 195 1
169 1 1
169 28 1
169 76 1
169 151 1
169 134 1
169 139 1
169 27 1
169 75 1
169 188 1
169 150 1
169 167 1
169 113 1
169 157 1
147 211 1
147 26 1
147 119 1
147 81 1
147 88 1
147 10 1
147 174 1
147 47 1
147 164 1
147 13 1
147 63 1
147 38 1
147 226 1
147 73 1
147 55 1
147 97 1
147 80 1
147 200 1
147 138 1
147 217 1
147 210 1
147 57 1
147 92 1
147 152 1
147 118 1
147 35 1
147 48 1
147 207 1
147 30 1
147 67 1
147 16 1
147 78 1
147 100 1
147 29 1
147 127 1
147 49 1
147 175 1
147 180 1
147 95 1
147 85 1
147 230 1
147 12 1
147 82 1
147 201 1
147 77 1
147 123 1
147 206 1
147 32 1
147 154 1
147 194 1
147 71 1
147 146 1
147 137 1
147 19 1
147 178 1
147 120 1
147 198 1
147 140 1
147 40 1
147 1 1
147 128 1
147 90 1
147 68 1
147 74 1
147 22 1
147 144 1
147 110 1
147 151 1
147 139 1
147 58 1
147 75 1
147 188 1
147 89 1
147 94 1
147 96 1
147 209 1
147 5 1
147 7 1
147 167 1
147 166 1
147 157 1
211 193 1
211 11 1
211 36 1
211 66 1
211 221 1
211 116 1
211 88 1
211 10 1
211 83 1
211 18 1
211 47 1
211 173 1
211 64 1
211 43 1
211 63 1
211 38 1
211 226 1
211 87 1
211 55 1
211 97 1
211 8 1
211 23 1
211 186 1
211 187 1
211 212 1
211 107 1
211 21 1
211 92 1
211 118 1
211 145 1
211 205 1
211 227 1
211 162 1
211 141 1
211 124 1
211 104 1
211 30 1
211 67 1
211 29 1
211 171 1
211 127 1
211 49 1
211 175 1
211 25 1
211 180 1
211 85 1
211 46 1
211 230 1
211 215 1
211 12 1
211 24 1
211 51 1
211 82 1
211 201 1
211 191 1
211 65 1
211 142 1
211 45 1
211 196 1
211 176 1
211 158 1
211 52 1
211 154 1
211 19 1
211 130 1
211 72 1
211 4 1
211 79 1
211 44 1
211 1 1
211 128 1
211 90 1
211 68 1
211 14 1
211 108 1
211 15 1
211 182 1
211 134 1
211 58 1
211 94 1
211 168 1
211 5 1
211 167 1
211 166 1
211 3 1
193 11 1
193 26 1
193 183 1
193 6 1
193 129 1
193 83 1
193 115 1
193 160 1
193 47 1
193 101 1
193 13 1
193 33 1
193 64 1
193 229 1
193 38 1
193 87 1
193 200 1
193 17 1
193 126 1
193 133 1
193 23 1
193 138 1
193 187 1
193 212 1
193 21 1
193 218 1
193 152 1
193 145 1
193 192 1
193 35 1
193 162 1
193 48 1
193 124 1
193 143 1
193 39 1
193 131 1
193 213 1
193 132 1
193 16 1
193 100 1
193 34 1
193 171 1
193 175 1
193 220 1
193 214 1
193 95 1
193 85 1
193 230 1
193 24 1
193 161 1
193 50 1
193 77 1
193 191 1
193 65 1
193 156 1
193 142 1
193 111 1
193 196 1
193 208 1
193 84 1
193 53 1
193 52 1
193 194 1
193 198 1
193 130 1
193 72 1
193 140 1
193 1 1
193 28 1
193 203 1
193 144 1
193 108 1
193 15 1
193 182 1
193 151 1
193 134 1
193 136 1
193 27 1
193 102 1
193 69 1
193 70 1
193 204 1
193 96 1
193 168 1
193 3 1
11 26 1
11 183 1
11 6 1
11 116 1
11 155 1
11 202 1
11 184 1
11 101 1
11 13 1
11 64 1
11 63 1
11 229 1
11 55 1
11 80 1
11 17 1
11 133 1
11 23 1
11 187 1
11 210 1
11 41 1
11 212 1
11 21 1
11 92 1
11 218 1
11 152 1
11 118 1
11 192 1
11 48 1
11 141 1
11 124 1
11 207 1
11 30 1
11 213 1
11 16 1
11 100 1
11 224 1
11 29 1
11 171 1
11 127 1
11 180 1
11 214 1
11 95 1
11 230 1
11 12 1
11 24 1
11 199 1
11 51 1
11 201 1
11 223 1
11 196 1
11 208 1
11 228 1
11 53 1
11 206 1
11 158 1
11 32 1
11 2 1
11 154 1
11 146 1
11 137 1
11 19 1
11 178 1
11 130 1
11 153 1
11 74 1
11 144 1
11 110 1
11 76 1
11 15 1
11 182 1
11 151 1
11 37 1
11 139 1
11 112 1
11 27 1
11 102 1
11 75 1
11 190 1
11 70 1
11 209 1
11 168 1
11 5 1
11 166 1
26 183 1
26 129 1
26 122 1
26 119 1
26 66 1
26 148 1
26 116 1
26 81 1
26 155 1
26 10 1
26 83 1
26 33 1
26 159 1
26 80 1
26 126 1
26 8 1
26 23 1
26 138 1
26 217 1
26 210 1
26 57 1
26 107 1
26 21 1
26 152 1
26 118 1
26 192 1
26 205 1
26 143 1
26 207 1
26 131 1
26 67 1
26 163 1
26 29 1
26 219 1
26 220 1
26 180 1
26 165 1
26 230 1
26 121 1
26 215 1
26 161 1
26 199 1
26 82 1
26 201 1
26 60 1
26 65 1
26 142 1
26 208 1
26 228 1
26 206 1
26 158 1
26 32 1
26 71 1
26 146 1
26 137 1
26 178 1
26 54 1
26 198 1
26 72 1
26 44 1
26 28 1
26 31 1
26 128 1
26 14 1
26 76 1
26 182 1
26 105 1
26 99 1
26 134 1
26 136 1
26 139 1
26 172 1
26 112 1
26 185 1
26 27 1
26 70 1
26 94 1
26 168 1
26 5 1
26 7 1
183 6 1
183 36 1
183 119 1
183 221 1
183 81 1
183 88 1
183 202 1
183 83 1
183 115 1
183 18 1
183 101 1
183 13 1
183 33 1
183 229 1
183 38 1
183 73 1
183 159 1
183 87 1
183 55 1
183 97 1
183 80 1
183 17 1
183 8 1
183 138 1
183 186 1
183 217 1
183 210 1
183 41 1
183 212 1
183 57 1
183 107 1
183 21 1
183 145 1
183 35 1
183 227 1
183 207 1
183 131 1
183 132 1
183 67 1
183 224 1
183 29 1
183 219 1
183 220 1
183 180 1
183 135 1
183 230 1
183 215 1
183 199 1
183 201 1
183 56 1
183 60 1
183 142 1
183 111 1
183 125 1
183 208 1
183 176 1
183 52 1
183 154 1
183 146 1
183 19 1
183 20 1
183 79 1
183 170 1
183 195 1
183 31 1
183 203 1
183 74 1
183 110 1
183 76 1
183 182 1
183 151 1
183 134 1
183 136 1
183 37 1
183 139 1
183 172 1
183 185 1
183 27 1
183 188 1
183 150 1
183 96 1
183 117 1
6 36 1
6 122 1
6 221 1
6 148 1
6 81 1
6 83 1
6 160 1
6 164 1
6 181 1
6 33 1
6 173 1
6 64 1
6 38 1
6 73 1
6 87 1
6 97 1
6 80 1
6 17 1
6 133 1
6 217 1
6 212 1
6 57 1
6 107 1
6 124 1
6 131 1
6 30 1
6 163 1
6 29 1
6 49 1
6 219 1
6 197 1
6 121 1
6 161 1
6 50 1
6 77 1
6 176 1
6 228 1
6 109 1
6 53 1
6 32 1
6 19 1
6 54 1
6 72 1
6 79 1
6 90 1
6 68 1
6 22 1
6 144 1
6 151 1
6 37 1
6 139 1
6 102 1
6 58 1
6 75 1
6 70 1
6 94 1
6 204 1
6 168 1
6 5 1
6 7 1
6 167 1
6 103 1
6 157 1
36 129 1
36 66 1
36 81 1
36 88 1
36 10 1
36 101 1
36 173 1
36 64 1
36 226 1
36 73 1
36 80 1
36 8 1
36 186 1
36 187 1
36 41 1
36 92 1
36 218 1
36 152 1
36 118 1
36 145 1
36 192 1
36 205 1
36 162 1
36 48 1
36 141 1
36 124 1
36 39 1
36 67 1
36 29 1
36 171 1
36 127 1
36 175 1
36 214 1
36 165 1
36 230 1
36 215 1
36 12 1
36 24 1
36 50 1
36 91 1
36 82 1
36 56 1
36 77 1
36 65 1
36 45 1
36 223 1
36 111 1
36 125 1
36 196 1
36 123 1
36 84 1
36 53 1
36 2 1
36 154 1
36 71 1
36 146 1
36 137 1
36 54 1
36 20 1
36 72 1
36 79 1
36 170 1
36 195 1
36 1 1
36 68 1
36 74 1
36 22 1
36 108 1
36 99 1
36 37 1
36 172 1
36 185 1
36 27 1
36 102 1
36 149 1
36 190 1
36 188 1
36 89 1
36 94 1
36 5 1
36 157 1
36 3 1
129 122 1
129 119 1
129 66 1
129 221 1
129 160 1
129 174 1
129 33 1
129 173 1
129 229 1
129 38 1
129 87 1
129 55 1
129 97 1
129 8 1
129 23 1
129 186 1
129 187 1
129 212 1
129 92 1
129 145 1
129 35 1
129 48 1
129 39 1
129 104 1
129 30 1
129 132 1
129 78 1
129 100 1
129 224 1
129 127 1
129 180 1
129 95 1
129 230 1
129 121 1
129 51 1
129 56 1
129 191 1
129 60 1
129 142 1
129 45 1
129 223 1
129 196 1
129 208 1
129 106 1
129 123 1
129 109 1
129 84 1
129 32 1
129 154 1
129 146 1
129 19 1
129 20 1
129 72 1
129 4 1
129 153 1
129 128 1
129 90 1
129 14 1
129 74 1
129 110 1
129 108 1
129 15 1
129 105 1
129 172 1
129 112 1
129 185 1
129 27 1
129 149 1
129 190 1
129 89 1
129 70 1
129 94 1
129 150 1
129 204 1
129 96 1
129 209 1
129 5 1
129 167 1
129 117 1
129 166 1
129 157 1
122 119 1
122 202 1
122 83 1
122 160 1
122 47 1
122 164 1
122 43 1
122 73 1
122 23 1
122 138 1
122 187 1
122 41 1
122 118 1
122 35 1
122 227 1
122 48 1
122 143 1
122 104 1
122 131 1
122 213 1
122 67 1
122 16 1
122 34 1
122 171 1
122 197 1
122 220 1
122 95 1
122 46 1
122 165 1
122 215 1
122 12 1
122 24 1
122 199 1
122 51 1
122 56 1
122 77 1
122 191 1
122 60 1
122 142 1
122 45 1
122 176 1
122 228 1
122 109 1
122 206 1
122 137 1
122 178 1
122 120 1
122 198 1
122 130 1
122 9 1
122 195 1
122 203 1
122 128 1
122 108 1
122 105 1
122 136 1
122 37 1
122 139 1
122 185 1
122 149 1
122 89 1
122 70 1
122 94 1
122 204 1
122 5 1
122 3 1
119 66 1
119 221 1
119 88 1
119 184 1
119 174 1
119 181 1
119 173 1
119 38 1
119 226 1
119 159 1
119 8 1
119 133 1
119 23 1
119 138 1
119 217 1
119 222 1
119 210 1
119 41 1
119 107 1
119 92 1
119 118 1
119 145 1
119 205 1
119 227 1
119 162 1
119 143 1
119 207 1
119 163 1
119 171 1
119 49 1
119 175 1
119 219 1
119 220 1
119 25 1
119 180 1
119 214 1
119 95 1
119 230 1
119 24 1
119 91 1
119 51 1
119 77 1
119 60 1
119 156 1
119 223 1
119 208 1
119 123 1
119 228 1
119 53 1
119 158 1
119 154 1
119 71 1
119 178 1
119 120 1
119 198 1
119 140 1
119 9 1
119 195 1
119 28 1
119 203 1
119 128 1
119 90 1
119 74 1
119 22 1
119 15 1
119 182 1
119 105 1
119 139 1
119 172 1
119 27 1
119 149 1
119 190 1
119 188 1
119 69 1
119 150 1
119 168 1
119 7 1
119 167 1
119 3 1
66 221 1
66 88 1
66 10 1
66 202 1
66 18 1
66 43 1
66 229 1
66 226 1
66 159 1
66 55 1
66 23 1
66 187 1
66 210 1
66 57 1
66 21 1
66 145 1
66 35 1
66 48 1
66 141 1
66 143 1
66 39 1
66 104 1
66 30 1
66 213 1
66 67 1
66 16 1
66 163 1
66 224 1
66 34 1
66 29 1
66 25 1
66 95 1
66 135 1
66 12 1
66 50 1
66 91 1
66 60 1
66 45 1
66 223 1
66 111 1
66 196 1
66 208 1
66 176 1
66 123 1
66 109 1
66 84 1
66 53 1
66 206 1
66 189 1
66 52 1
66 32 1
66 19 1
66 4 1
66 170 1
66 1 1
66 203 1
66 128 1
66 68 1
66 74 1
66 110 1
66 76 1
66 108 1
66 112 1
66 27 1
66 75 1
66 190 1
66 188 1
66 69 1
66 150 1
66 204 1
66 209 1
66 7 1
66 103 1
66 113 1
66 166 1
66 157 1
66 3 1
221 148 1
221 83 1
221 115 1
221 101 1
221 33 1
221 97 1
221 17 1
221 126 1
221 23 1
221 138 1
221 186 1
221 187 1
221 222 1
221 21 1
221 152 1
221 118 1
221 35 1
221 205 1
221 227 1
221 48 1
221 124 1
221 143 1
221 39 1
221 131 1
221 30 1
221 67 1
221 163 1
221 29 1
221 171 1
221 49 1
221 219 1
221 197 1
221 25 1
221 214 1
221 95 1
221 46 1
221 135 1
221 121 1
221 161 1
221 82 1
221 77 1
221 191 1
221 156 1
221 125 1
221 176 1
221 228 1
221 189 1
221 52 1
221 32 1
221 194 1
221 146 1
221 42 1
221 178 1
221 54 1
221 225 1
221 72 1
221 153 1
221 40 1
221 79 1
221 9 1
221 1 1
221 31 1
221 203 1
221 128 1
221 68 1
221 22 1
221 76 1
221 105 1
221 134 1
221 136 1
221 185 1
221 27 1
221 190 1
221 70 1
221 204 1
221 7 1
221 167 1
221 117 1
221 166 1
148 116 1
148 202 1
148 18 1
148 101 1
148 33 1
148 229 1
148 97 1
148 80 1
148 17 1
148 126 1
148 133 1
148 23 1
148 217 1
148 21 1
148 92 1
148 218 1
148 145 1
148 205 1
148 162 1
148 48 1
148 104 1
148 67 1
148 16 1
148 224 1
148 34 1
148 29 1
148 49 1
148 175 1
148 197 1
148 46 1
148 121 1
148 215 1
148 199 1
148 51 1
148 201 1
148 77 1
148 191 1
148 65 1
148 142 1
148 111 1
148 123 1
148 84 1
148 206 1
148 32 1
148 2 1
148 154 1
148 71 1
148 137 1
148 42 1
148 178 1
148 20 1
148 198 1
148 140 1
148 9 1
148 1 1
148 128 1
148 90 1
148 68 1
148 14 1
148 74 1
148 22 1
148 108 1
148 151 1
148 105 1
148 136 1
148 37 1
148 139 1
148 112 1
148 190 1
148 89 1
148 69 1
148 204 1
148 96 1
148 168 1
148 7 1
148 103 1
148 157 1
116 81 1
116 160 1
116 47 1
116 101 1
116 181 1
116 63 1
116 159 1
116 87 1
116 200 1
116 186 1
116 187 1
116 222 1
116 41 1
116 107 1
116 21 1
116 92 1
116 218 1
116 152 1
116 227 1
116 141 1
116 143 1
116 207 1
116 213 1
116 224 1
116 34 1
116 171 1
116 175 1
116 25 1
116 85 1
116 12 1
116 50 1
116 199 1
116 51 1
116 82 1
116 56 1
116 191 1
116 60 1
116 142 1
116 223 1
116 125 1
116 208 1
116 123 1
116 228 1
116 84 1
116 53 1
116 52 1
116 71 1
116 146 1
116 42 1
116 54 1
116 198 1
116 72 1
116 4 1
116 153 1
116 170 1
116 203 1
116 74 1
116 22 1
116 110 1
116 108 1
116 105 1
116 99 1
116 185 1
116 102 1
116 188 1
116 70 1
116 94 1
116 204 1
116 113 1
116 117 1
116 166 1
116 157 1
81 155 1
81 115 1
81 18 1
81 184 1
81 174 1
81 47 1
81 181 1
81 63 1
81 55 1
81 133 1
81 23 1
81 217 1
81 107 1
81 145 1
81 205 1
81 227 1
81 48 1
81 141 1
81 124 1
81 104 1
81 131 1
81 132 1
81 163 1
81 224 1
81 49 1
81 219 1
81 197 1
81 25 1
81 95 1
81 85 1
81 135 1
81 165 1
81 121 1
81 91 1
81 65 1
81 176 1
81 123 1
81 228 1
81 84 1
81 32 1
81 2 1
81 154 1
81 137 1
81 42 1
81 198 1
81 130 1
81 153 1
81 40 1
81 1 1
81 28 1
81 203 1
81 128 1
81 90 1
81 14 1
81 22 1
81 110 1
81 76 1
81 15 1
81 151 1
81 105 1
81 99 1
81 172 1
81 102 1
81 58 1
81 89 1
81 150 1
81 209 1
81 103 1
81 113 1
155 88 1
155 10 1
155 83 1
155 115 1
155 174 1
155 164 1
155 181 1
155 33 1
155 43 1
155 38 1
155 73 1
155 55 1
155 80 1
155 200 1
155 126 1
155 8 1
155 210 1
155 41 1
155 107 1
155 145 1
155 162 1
155 141 1
155 207 1
155 132 1
155 224 1
155 197 1
155 180 1
155 95 1
155 215 1
155 24 1
155 50 1
155 199 1
155 51 1
155 82 1
155 56 1
155 65 1
155 156 1
155 142 1
155 106 1
155 176 1
155 228 1
155 84 1
155 53 1
155 206 1
155 2 1
155 154 1
155 146 1
155 137 1
155 20 1
155 225 1
155 72 1
155 4 1
155 170 1
155 9 1
155 195 1
155 1 1
155 31 1
155 128 1
155 68 1
155 110 1
155 151 1
155 105 1
155 134 1
155 139 1
155 112 1
155 27 1
155 75 1
155 190 1
155 89 1
155 70 1
155 96 1
155 7 1
155 167 1
155 103 1
155 166 1
155 157 1
88 10 1
88 18 1
88 47 1
88 101 1
88 181 1
88 63 1
88 229 1
88 38 1
88 73 1
88 159 1
88 80 1
88 126 1
88 8 1
88 23 1
88 186 1
88 41 1
88 107 1
88 92 1
88 145 1
88 192 1
88 162 1
88 141 1
88 104 1
88 30 1
88 213 1
88 100 1
88 163 1
88 34 1
88 29 1
88 175 1
88 214 1
88 165 1
88 215 1
88 161 1
88 82 1
88 191 1
88 156 1
88 223 1
88 111 1
88 125 1
88 208 1
88 228 1
88 53 1
88 206 1
88 158 1
88 52 1
88 32 1
88 146 1
88 54 1
88 20 1
88 72 1
88 153 1
88 79 1
88 44 1
88 9 1
88 195 1
88 1 1
88 28 1
88 128 1
88 110 1
88 15 1
88 112 1
88 58 1
88 75 1
88 149 1
88 190 1
88 188 1
88 69 1
88 70 1
88 94 1
88 5 1
88 103 1
88 157 1
10 202 1
10 160 1
10 184 1
10 13 1
10 33 1
10 64 1
10 229 1
10 159 1
10 87 1
10 55 1
10 200 1
10 126 1
10 8 1
10 133 1
10 23 1
10 138 1
10 217 1
10 210 1
10 41 1
10 21 1
10 162 1
10 48 1
10 124 1
10 207 1
10 39 1
10 213 1
10 67 1
10 16 1
10 171 1
10 219 1
10 220 1
10 46 1
10 165 1
10 230 1
10 121 1
10 215 1
10 199 1
10 82 1
10 201 1
10 56 1
10 77 1
10 123 1
10 52 1
10 32 1
10 194 1
10 137 1
10 42 1
10 178 1
10 54 1
10 20 1
10 225 1
10 4 1
10 153 1
10 79 1
10 9 1
10 195 1
10 203 1
10 76 1
10 15 1
10 99 1
10 134 1
10 136 1
10 172 1
10 112 1
10 75 1
10 188 1
10 89 1
10 69 1
10 70 1
10 96 1
10 209 1
10 168 1
10 167 1
10 117 1
202 83 1
202 115 1
202 18 1
202 174 1
202 164 1
202 13 1
202 33 1
202 173 1
202 97 1
202 200 1
202 8 1
202 23 1
202 187 1
202 217 1
202 210 1
202 107 1
202 152 1
202 145 1
202 35 1
202 227 1
202 141 1
202 124 1
202 39 1
202 104 1
202 131 1
202 30 1
202 132 1
202 78 1
202 224 1
202 197 1
202 25 1
202 46 1
202 165 1
202 121 1
202 24 1
202 161 1
202 199 1
202 82 1
202 201 1
202 56 1
202 191 1
202 60 1
202 156 1
202 223 1
202 125 1
202 106 1
202 176 1
202 189 1
202 158 1
202 137 1
202 4 1
202 195 1
202 1 1
202 31 1
202 68 1
202 14 1
202 144 1
202 76 1
202 108 1
202 182 1
202 105 1
202 134 1
202 136 1
202 37 1
202 172 1
202 58 1
202 75 1
202 94 1
202 150 1
202 204 1
202 209 1
202 168 1
202 5 1
202 7 1
202 166 1
202 3 1
83 115 1
83 160 1
83 18 1
83 164 1
83 43 1
83 226 1
83 73 1
83 159 1
83 87 1
83 55 1
83 80 1
83 200 1
83 17 1
83 138 1
83 222 1
83 57 1
83 92 1
83 218 1
83 152 1
83 118 1
83 143 1
83 131 1
83 132 1
83 224 1
83 171 1
83 127 1
83 49 1
83 175 1
83 180 1
83 214 1
83 46 1
83 135 1
83 230 1
83 121 1
83 91 1
83 199 1
83 201 1
83 77 1
83 60 1
83 125 1
83 196 1
83 176 1
83 109 1
83 189 1
83 158 1
83 52 1
83 154 1
83 137 1
83 178 1
83 20 1
83 130 1
83 153 1
83 140 1
83 79 1
83 195 1
83 1 1
83 203 1
83 14 1
83 74 1
83 151 1
83 105 1
83 136 1
83 37 1
83 172 1
83 190 1
83 188 1
83 69 1
83 70 1
83 94 1
83 204 1
83 96 1
83 168 1
83 167 1
83 103 1
83 3 1
115 160 1
115 164 1
115 33 1
115 173 1
115 64 1
115 43 1
115 38 1
115 87 1
115 97 1
115 8 1
115 133 1
115 186 1
115 187 1
115 222 1
115 41 1
115 107 1
115 21 1
115 218 1
115 145 1
115 227 1
115 162 1
115 48 1
115 141 1
115 124 1
115 132 1
115 67 1
115 16 1
115 78 1
115 163 1
115 29 1
115 49 1
115 197 1
115 220 1
115 180 1
115 95 1
115 135 1
115 165 1
115 230 1
115 12 1
115 161 1
115 199 1
115 201 1
115 191 1
115 60 1
115 65 1
115 156 1
115 45 1
115 111 1
115 176 1
115 228 1
115 189 1
115 158 1
115 32 1
115 154 1
115 71 1
115 19 1
115 54 1
115 130 1
115 72 1
115 4 1
115 153 1
115 79 1
115 44 1
115 170 1
115 9 1
115 90 1
115 22 1
115 76 1
115 105 1
115 134 1
115 136 1
115 139 1
115 102 1
115 190 1
115 69 1
115 94 1
115 150 1
115 96 1
115 209 1
115 168 1
115 7 1
115 167 1
115 157 1
160 18 1
160 181 1
160 43 1
160 229 1
160 38 1
160 159 1
160 55 1
160 97 1
160 200 1
160 126 1
160 133 1
160 138 1
160 186 1
160 222 1
160 212 1
160 92 1
160 118 1
160 35 1
160 227 1
160 162 1
160 48 1
160 124 1
160 143 1
160 30 1
160 213 1
160 67 1
160 34 1
160 171 1
160 175 1
160 25 1
160 180 1
160 214 1
160 230 1
160 161 1
160 50 1
160 82 1
160 60 1
160 156 1
160 45 1
160 111 1
160 208 1
160 106 1
160 123 1
160 53 1
160 71 1
160 19 1
160 54 1
160 120 1
160 130 1
160 72 1
160 40 1
160 44 1
160 170 1
160 31 1
160 203 1
160 22 1
160 144 1
160 182 1
160 151 1
160 136 1
160 37 1
160 139 1
160 172 1
160 112 1
160 27 1
160 58 1
160 190 1
160 96 1
160 5 1
160 7 1
160 103 1
160 113 1
160 3 1
18 184 1
18 164 1
18 181 1
18 43 1
18 73 1
18 159 1
18 87 1
18 126 1
18 133 1
18 41 1
18 212 1
18 57 1
18 152 1
18 192 1
18 141 1
18 131 1
18 30 1
18 67 1
18 100 1
18 29 1
18 220 1
18 180 1
18 165 1
18 230 1
18 121 1
18 215 1
18 12 1
18 50 1
18 199 1
18 82 1
18 201 1
18 77 1
18 191 1
18 142 1
18 223 1
18 111 1
18 125 1
18 196 1
18 106 1
18 109 1
18 206 1
18 158 1
18 32 1
18 42 1
18 178 1
18 130 1
18 4 1
18 68 1
18 22 1
18 15 1
18 134 1
18 172 1
18 185 1
18 27 1
18 190 1
18 69 1
18 150 1
18 209 1
18 168 1
18 5 1
18 167 1
18 157 1
184 174 1
184 101 1
184 229 1
184 38 1
184 17 1
184 126 1
184 133 1
184 41 1
184 107 1
184 21 1
184 92 1
184 35 1
184 205 1
184 227 1
184 141 1
184 104 1
184 131 1
184 30 1
184 67 1
184 78 1
184 224 1
184 34 1
184 29 1
184 127 1
184 49 1
184 25 1
184 95 1
184 85 1
184 135 1
184 230 1
184 12 1
184 24 1
184 161 1
184 91 1
184 77 1
184 65 1
184 142 1
184 223 1
184 111 1
184 125 1
184 196 1
184 106 1
184 123 1
184 109 1
184 189 1
184 137 1
184 19 1
184 54 1
184 198 1
184 225 1
184 44 1
184 9 1
184 1 1
184 31 1
184 128 1
184 68 1
184 14 1
184 74 1
184 22 1
184 108 1
184 182 1
184 105 1
184 99 1
184 134 1
184 136 1
184 37 1
184 172 1
184 27 1
184 58 1
184 190 1
184 89 1
184 94 1
184 96 1
184 209 1
184 5 1
184 167 1
184 103 1
184 113 1
184 117 1
184 166 1
184 3 1
174 47 1
174 229 1
174 226 1
174 73 1
174 55 1
174 200 1
174 17 1
174 187 1
174 217 1
174 218 1
174 152 1
174 118 1
174 192 1
174 35 1
174 227 1
174 124 1
174 104 1
174 132 1
174 16 1
174 100 1
174 163 1
174 34 1
174 49 1
174 175 1
174 95 1
174 85 1
174 46 1
174 24 1
174 161 1
174 91 1
174 77 1
174 223 1
174 125 1
174 208 1
174 106 1
174 228 1
174 206 1
174 189 1
174 32 1
174 154 1
174 194 1
174 71 1
174 42 1
174 20 1
174 225 1
174 72 1
174 40 1
174 170 1
174 28 1
174 14 1
174 22 1
174 144 1
174 76 1
174 108 1
174 15 1
174 182 1
174 139 1
174 112 1
174 190 1
174 70 1
174 94 1
174 204 1
174 96 1
174 209 1
174 168 1
174 113 1
174 117 1
174 157 1
47 164 1
47 13 1
47 181 1
47 64 1
47 43 1
47 63 1
47 38 1
47 226 1
47 159 1
47 55 1
47 97 1
47 17 1
47 8 1
47 138 1
47 187 1
47 41 1
47 57 1
47 107 1
47 218 1
47 152 1
47 145 1
47 162 1
47 141 1
47 143 1
47 39 1
47 131 1
47 67 1
47 100 1
47 29 1
47 171 1
47 219 1
47 220 1
47 95 1
47 46 1
47 24 1
47 50 1
47 91 1
47 199 1
47 191 1
47 156 1
47 45 1
47 223 1
47 125 1
47 196 1
47 109 1
47 84 1
47 206 1
47 32 1
47 178 1
47 120 1
47 20 1
47 130 1
47 4 1
47 40 1
47 79 1
47 170 1
47 9 1
47 195 1
47 203 1
47 128 1
47 90 1
47 14 1
47 144 1
47 108 1
47 105 1
47 37 1
47 102 1
47 149 1
47 190 1
47 150 1
47 204 1
47 168 1
47 7 1
47 157 1
164 101 1
164 13 1
164 173 1
164 226 1
164 55 1
164 80 1
164 200 1
164 17 1
164 187 1
164 217 1
164 210 1
164 57 1
164 107 1
164 21 1
164 92 1
164 192 1
164 35 1
164 39 1
164 104 1
164 30 1
164 100 1
164 163 1
164 224 1
164 29 1
164 49 1
164 219 1
164 197 1
164 95 1
164 46 1
164 135 1
164 165 1
164 12 1
164 161 1
164 199 1
164 82 1
164 45 1
164 223 1
164 111 1
164 125 1
164 196 1
164 106 1
164 189 1
164 158 1
164 52 1
164 137 1
164 42 1
164 198 1
164 4 1
164 153 1
164 79 1
164 9 1
164 195 1
164 1 1
164 31 1
164 203 1
164 128 1
164 90 1
164 74 1
164 110 1
164 108 1
164 15 1
164 134 1
164 136 1
164 112 1
164 58 1
164 188 1
164 204 1
164 209 1
164 168 1
164 5 1
164 113 1
164 117 1
164 3 1
101 13 1
101 181 1
101 64 1
101 38 1
101 87 1
101 17 1
101 8 1
101 133 1
101 217 1
101 210 1
101 57 1
101 152 1
101 35 1
101 205 1
101 207 1
101 39 1
101 131 1
101 213 1
101 132 1
101 163 1
101 49 1
101 197 1
101 180 1
101 46 1
101 135 1
101 121 1
101 24 1
101 50 1
101 91 1
101 191 1
101 142 1
101 123 1
101 109 1
101 53 1
101 158 1
101 154 1
101 194 1
101 19 1
101 20 1
101 130 1
101 72 1
101 4 1
101 140 1
101 170 1
101 1 1
101 28 1
101 31 1
101 90 1
101 68 1
101 110 1
101 182 1
101 151 1
101 139 1
101 112 1
101 27 1
101 75 1
101 70 1
101 7 1
101 167 1
101 157 1
101 3 1
13 181 1
13 173 1
13 43 1
13 38 1
13 159 1
13 87 1
13 55 1
13 17 1
13 133 1
13 23 1
13 138 1
13 187 1
13 212 1
13 218 1
13 152 1
13 145 1
13 192 1
13 227 1
13 131 1
13 30 1
13 132 1
13 16 1
13 224 1
13 171 1
13 175 1
13 219 1
13 197 1
13 25 1
13 95 1
13 46 1
13 135 1
13 60 1
13 142 1
13 125 1
13 196 1
13 176 1
13 228 1
13 109 1
13 206 1
13 52 1
13 154 1
13 146 1
13 19 1
13 54 1
13 20 1
13 225 1
13 140 1
13 44 1
13 9 1
13 1 1
13 31 1
13 128 1
13 90 1
13 74 1
13 76 1
13 151 1
13 99 1
13 37 1
13 112 1
13 27 1
13 58 1
13 149 1
13 190 1
13 69 1
13 70 1
13 204 1
13 209 1
13 168 1
13 5 1
13 113 1
13 117 1
13 166 1
13 157 1
181 33 1
181 64 1
181 63 1
181 229 1
181 87 1
181 17 1
181 23 1
181 186 1
181 57 1
181 107 1
181 218 1
181 145 1
181 227 1
181 207 1
181 39 1
181 104 1
181 30 1
181 132 1
181 29 1
181 49 1
181 197 1
181 220 1
181 180 1
181 214 1
181 46 1
181 230 1
181 215 1
181 24 1
181 199 1
181 51 1
181 82 1
181 201 1
181 56 1
181 77 1
181 60 1
181 111 1
181 125 1
181 196 1
181 176 1
181 109 1
181 158 1
181 32 1
181 154 1
181 194 1
181 71 1
181 137 1
181 54 1
181 198 1
181 225 1
181 4 1
181 40 1
181 44 1
181 9 1
181 195 1
181 1 1
181 31 1
181 203 1
181 14 1
181 144 1
181 15 1
181 151 1
181 134 1
181 136 1
181 172 1
181 112 1
181 185 1
181 58 1
181 75 1
181 149 1
181 188 1
181 69 1
181 204 1
181 96 1
181 209 1
181 103 1
181 113 1
181 166 1
33 173 1
33 229 1
33 38 1
33 226 1
33 97 1
33 200 1
33 8 1
33 186 1
33 187 1
33 210 1
33 212 1
33 57 1
33 107 1
33 92 1
33 218 1
33 192 1
33 162 1
33 104 1
33 67 1
33 163 1
33 224 1
33 34 1
33 171 1
33 197 1
33 25 1
33 95 1
33 85 1
33 135 1
33 165 1
33 121 1
33 215 1
33 24 1
33 91 1
33 77 1
33 191 1
33 65 1
33 111 1
33 125 1
33 196 1
33 106 1
33 228 1
33 32 1
33 146 1
33 19 1
33 120 1
33 130 1
33 9 1
33 195 1
33 28 1
33 31 1
33 203 1
33 128 1
33 74 1
33 139 1
33 75 1
33 113 1
173 64 1
173 43 1
173 63 1
173 73 1
173 97 1
173 17 1
173 23 1
173 187 1
173 222 1
173 212 1
173 57 1
173 92 1
173 152 1
173 205 1
173 124 1
173 143 1
173 207 1
173 39 1
173 104 1
173 131 1
173 132 1
173 67 1
173 100 1
173 163 1
173 171 1
173 49 1
173 219 1
173 197 1
173 46 1
173 161 1
173 201 1
173 56 1
173 77 1
173 191 1
173 65 1
173 156 1
173 142 1
173 223 1
173 106 1
173 176 1
173 53 1
173 206 1
173 189 1
173 158 1
173 154 1
173 42 1
173 178 1
173 198 1
173 225 1
173 72 1
173 153 1
173 40 1
173 44 1
173 195 1
173 128 1
173 90 1
173 14 1
173 144 1
173 108 1
173 139 1
173 172 1
173 27 1
173 75 1
173 69 1
173 150 1
173 168 1
173 103 1
173 166 1
173 3 1
64 43 1
64 226 1
64 73 1
64 159 1
64 80 1
64 200 1
64 126 1
64 23 1
64 187 1
64 210 1
64 212 1
64 107 1
64 21 1
64 92 1
64 218 1
64 35 1
64 227 1
64 162 1
64 124 1
64 207 1
64 104 1
64 131 1
64 213 1
64 132 1
64 16 1
64 78 1
64 224 1
64 220 1
64 95 1
64 85 1
64 215 1
64 24 1
64 161 1
64 51 1
64 77 1
64 191 1
64 60 1
64 65 1
64 223 1
64 111 1
64 125 1
64 176 1
64 109 1
64 53 1
64 189 1
64 194 1
64 146 1
64 137 1
64 42 1
64 120 1
64 130 1
64 225 1
64 79 1
64 44 1
64 195 1
64 1 1
64 28 1
64 74 1
64 22 1
64 144 1
64 76 1
64 151 1
64 134 1
64 136 1
64 112 1
64 27 1
64 75 1
64 149 1
64 190 1
64 69 1
64 70 1
64 150 1
64 209 1
64 167 1
64 113 1
64 117 1
43 63 1
43 38 1
43 226 1
43 87 1
43 97 1
43 17 1
43 126 1
43 186 1
43 118 1
43 205 1
43 48 1
43 124 1
43 39 1
43 131 1
43 30 1
43 213 1
43 100 1
43 163 1
43 224 1
43 49 1
43 175 1
43 219 1
43 197 1
43 180 1
43 46 1
43 135 1
43 165 1
43 161 1
43 91 1
43 82 1
43 77 1
43 60 1
43 65 1
43 45 1
43 125 1
43 106 1
43 53 1
43 189 1
43 52 1
43 154 1
43 194 1
43 146 1
43 19 1
43 20 1
43 198 1
43 225 1
43 4 1
43 153 1
43 140 1
43 79 1
43 44 1
43 68 1
43 76 1
43 15 1
43 99 1
43 172 1
43 27 1
43 89 1
43 69 1
43 70 1
43 209 1
43 167 1
43 103 1
43 113 1
43 117 1
43 157 1
43 3 1
63 229 1
63 73 1
63 159 1
63 55 1
63 200 1
63 8 1
63 23 1
63 138 1
63 222 1
63 57 1
63 218 1
63 192 1
63 35 1
63 162 1
63 48 1
63 39 1
63 67 1
63 100 1
63 163 1
63 34 1
63 171 1
63 127 1
63 25 1
63 230 1
63 24 1
63 50 1
63 51 1
63 201 1
63 65 1
63 111 1
63 176 1
63 109 1
63 84 1
63 206 1
63 158 1
63 32 1
63 154 1
63 146 1
63 178 1
63 120 1
63 72 1
63 170 1
63 195 1
63 68 1
63 144 1
63 110 1
63 76 1
63 108 1
63 182 1
63 151 1
63 136 1
63 139 1
63 172 1
63 112 1
63 185 1
63 102 1
63 89 1
63 69 1
63 94 1
63 150 1
63 204 1
63 168 1
63 5 1
63 167 1
63 103 1
63 113 1
63 117 1
229 38 1
229 226 1
229 87 1
229 200 1
229 187 1
229 212 1
229 118 1
229 192 1
229 124 1
229 131 1
229 100 1
229 197 1
229 180 1
229 85 1
229 46 1
229 12 1
229 24 1
229 50 1
229 82 1
229 201 1
229 60 1
229 156 1
229 45 1
229 223 1
229 196 1
229 208 1
229 228 1
229 84 1
229 206 1
229 52 1
229 32 1
229 154 1
229 194 1
229 71 1
229 19 1
229 198 1
229 225 1
229 72 1
229 40 1
229 79 1
229 31 1
229 68 1
229 74 1
229 22 1
229 144 1
229 110 1
229 182 1
229 151 1
229 134 1
229 37 1
229 112 1
229 27 1
229 89 1
229 69 1
229 70 1
229 94 1
229 150 1
229 209 1
229 103 1
229 3 1
38 226 1
38 80 1
38 17 1
38 8 1
38 23 1
38 138 1
38 217 1
38 41 1
38 107 1
38 35 1
38 227 1
38 162 1
38 141 1
38 213 1
38 132 1
38 67 1
38 100 1
38 224 1
38 34 1
38 171 1
38 180 1
38 95 1
38 121 1
38 215 1
38 12 1
38 91 1
38 199 1
38 51 1
38 191 1
38 156 1
38 142 1
38 45 1
38 223 1
38 196 1
38 208 1
38 123 1
38 109 1
38 53 1
38 206 1
38 52 1
38 32 1
38 71 1
38 178 1
38 120 1
38 140 1
38 40 1
38 79 1
38 28 1
38 128 1
38 68 1
38 22 1
38 136 1
38 139 1
38 172 1
38 112 1
38 185 1
38 27 1
38 102 1
38 149 1
38 190 1
38 188 1
38 204 1
38 168 1
38 5 1
38 103 1
38 113 1
38 166 1
38 3 1
226 73 1
226 159 1
226 17 1
226 126 1
226 133 1
226 23 1
226 217 1
226 222 1
226 212 1
226 92 1
226 192 1
226 35 1
226 227 1
226 162 1
226 104 1
226 30 1
226 78 1
226 29 1
226 127 1
226 175 1
226 214 1
226 85 1
226 46 1
226 230 1
226 24 1
226 50 1
226 91 1
226 60 1
226 65 1
226 111 1
226 106 1
226 176 1
226 228 1
226 109 1
226 53 1
226 189 1
226 52 1
226 32 1
226 2 1
226 194 1
226 146 1
226 42 1
226 19 1
226 198 1
226 130 1
226 4 1
226 140 1
226 40 1
226 44 1
226 170 1
226 203 1
226 128 1
226 68 1
226 74 1
226 144 1
226 110 1
226 15 1
226 151 1
226 99 1
226 139 1
226 185 1
226 75 1
226 149 1
226 188 1
226 204 1
226 209 1
226 167 1
226 117 1
73 159 1
73 97 1
73 126 1
73 8 1
73 187 1
73 222 1
73 107 1
73 118 1
73 192 1
73 162 1
73 141 1
73 124 1
73 39 1
73 131 1
73 213 1
73 16 1
73 78 1
73 34 1
73 29 1
73 127 1
73 197 1
73 220 1
73 214 1
73 95 1
73 85 1
73 135 1
73 121 1
73 161 1
73 50 1
73 51 1
73 82 1
73 201 1
73 56 1
73 77 1
73 45 1
73 223 1
73 111 1
73 208 1
73 53 1
73 189 1
73 52 1
73 194 1
73 71 1
73 19 1
73 178 1
73 120 1
73 20 1
73 198 1
73 130 1
73 4 1
73 153 1
73 140 1
73 79 1
73 195 1
73 31 1
73 90 1
73 68 1
73 22 1
73 110 1
73 108 1
73 151 1
73 99 1
73 134 1
73 136 1
73 172 1
73 27 1
73 102 1
73 149 1
73 188 1
73 69 1
73 150 1
73 204 1
73 96 1
73 168 1
73 5 1
73 117 1
73 3 1
159 87 1
159 55 1
159 17 1
159 222 1
159 210 1
159 212 1
159 118 1
159 205 1
159 227 1
159 48 1
159 141 1
159 124 1
159 39 1
159 213 1
159 132 1
159 67 1
159 100 1
159 163 1
159 171 1
159 175 1
159 95 1
159 135 1
159 230 1
159 24 1
159 50 1
159 91 1
159 65 1
159 156 1
159 111 1
159 208 1
159 106 1
159 176 1
159 123 1
159 84 1
159 53 1
159 32 1
159 2 1
159 154 1
159 42 1
159 19 1
159 54 1
159 225 1
159 40 1
159 9 1
159 195 1
159 1 1
159 31 1
159 203 1
159 105 1
159 99 1
159 136 1
159 112 1
159 102 1
159 75 1
159 190 1
159 188 1
159 69 1
159 204 1
159 209 1
159 168 1
159 7 1
159 117 1
159 166 1
87 55 1
87 97 1
87 80 1
87 17 1
87 133 1
87 138 1
87 186 1
87 210 1
87 218 1
87 152 1
87 118 1
87 205 1
87 227 1
87 124 1
87 143 1
87 39 1
87 30 1
87 224 1
87 25 1
87 180 1
87 95 1
87 135 1
87 215 1
87 161 1
87 56 1
87 65 1
87 208 1
87 106 1
87 53 1
87 206 1
87 154 1
87 146 1
87 54 1
87 198 1
87 225 1
87 170 1
87 1 1
87 68 1
87 14 1
87 22 1
87 76 1
87 182 1
87 99 1
87 134 1
87 136 1
87 102 1
87 69 1
87 96 1
87 103 1
55 97 1
55 17 1
55 8 1
55 133 1
55 187 1
55 21 1
55 92 1
55 218 1
55 152 1
55 145 1
55 39 1
55 34 1
55 49 1
55 220 1
55 214 1
55 85 1
55 135 1
55 12 1
55 161 1
55 50 1
55 199 1
55 82 1
55 201 1
55 191 1
55 156 1
55 125 1
55 176 1
55 123 1
55 228 1
55 158 1
55 52 1
55 19 1
55 120 1
55 44 1
55 128 1
55 14 1
55 74 1
55 22 1
55 108 1
55 185 1
55 188 1
55 89 1
55 94 1
55 96 1
55 209 1
55 168 1
55 103 1
55 3 1
97 80 1
97 200 1
97 17 1
97 138 1
97 41 1
97 152 1
97 145 1
97 192 1
97 227 1
97 162 1
97 48 1
97 141 1
97 39 1
97 132 1
97 16 1
97 78 1
97 34 1
97 29 1
97 49 1
97 175 1
97 220 1
97 180 1
97 214 1
97 135 1
97 121 1
97 24 1
97 91 1
97 51 1
97 82 1
97 201 1
97 56 1
97 77 1
97 156 1
97 45 1
97 125 1
97 206 1
97 52 1
97 32 1
97 194 1
97 71 1
97 137 1
97 19 1
97 54 1
97 120 1
97 130 1
97 225 1
97 72 1
97 4 1
97 44 1
97 195 1
97 31 1
97 203 1
97 128 1
97 22 1
97 144 1
97 182 1
97 105 1
97 139 1
97 172 1
97 185 1
97 102 1
97 75 1
97 149 1
97 190 1
97 89 1
97 69 1
97 94 1
97 150 1
97 204 1
97 209 1
97 168 1
97 167 1
97 103 1
97 166 1
80 200 1
80 17 1
80 23 1
80 107 1
80 21 1
80 152 1
80 35 1
80 227 1
80 162 1
80 124 1
80 213 1
80 132 1
80 197 1
80 220 1
80 25 1
80 46 1
80 135 1
80 230 1
80 121 1
80 215 1
80 24 1
80 199 1
80 201 1
80 77 1
80 142 1
80 223 1
80 196 1
80 208 1
80 106 1
80 123 1
80 84 1
80 189 1
80 154 1
80 146 1
80 137 1
80 54 1
80 120 1
80 198 1
80 4 1
80 140 1
80 195 1
80 1 1
80 28 1
80 203 1
80 144 1
80 182 1
80 151 1
80 134 1
80 112 1
80 185 1
80 27 1
80 188 1
80 89 1
80 70 1
80 204 1
80 209 1
80 5 1
80 7 1
80 167 1
80 166 1
80 3 1
200 17 1
200 8 1
200 23 1
200 187 1
200 217 1
200 222 1
200 210 1
200 41 1
200 152 1
200 48 1
200 124 1
200 131 1
200 30 1
200 78 1
200 100 1
200 224 1
200 34 1
200 29 1
200 127 1
200 49 1
200 175 1
200 219 1
200 197 1
200 95 1
200 85 1
200 161 1
200 91 1
200 56 1
200 65 1
200 196 1
200 123 1
200 109 1
200 52 1
200 2 1
200 194 1
200 137 1
200 42 1
200 19 1
200 178 1
200 20 1
200 90 1
200 68 1
200 76 1
200 108 1
200 15 1
200 105 1
200 99 1
200 139 1
200 172 1
200 58 1
200 149 1
200 190 1
200 188 1
200 70 1
200 96 1
200 209 1
200 5 1
200 167 1
200 113 1
17 126 1
17 8 1
17 23 1
17 138 1
17 222 1
17 210 1
17 41 1
17 92 1
17 118 1
17 192 1
17 35 1
17 205 1
17 227 1
17 141 1
17 124 1
17 39 1
17 104 1
17 213 1
17 132 1
17 78 1
17 34 1
17 29 1
17 220 1
17 25 1
17 214 1
17 95 1
17 165 1
17 230 1
17 121 1
17 215 1
17 12 1
17 161 1
17 50 1
17 51 1
17 56 1
17 77 1
17 156 1
17 208 1
17 106 1
17 123 1
17 228 1
17 109 1
17 53 1
17 189 1
17 52 1
17 32 1
17 2 1
17 154 1
17 146 1
17 42 1
17 178 1
17 20 1
17 198 1
17 130 1
17 4 1
17 153 1
17 140 1
17 9 1
17 28 1
17 128 1
17 90 1
17 14 1
17 144 1
17 110 1
17 76 1
17 182 1
17 99 1
17 134 1
17 139 1
17 112 1
17 185 1
17 27 1
17 75 1
17 188 1
17 89 1
17 103 1
17 117 1
17 166 1
17 157 1
17 3 1
126 8 1
126 217 1
126 57 1
126 118 1
126 192 1
126 205 1
126 227 1
126 207 1
126 131 1
126 30 1
126 16 1
126 78 1
126 127 1
126 49 1
126 175 1
126 219 1
126 46 1
126 24 1
126 201 1
126 191 1
126 142 1
126 45 1
126 111 1
126 125 1
126 106 1
126 176 1
126 228 1
126 206 1
126 158 1
126 52 1
126 154 1
126 194 1
126 71 1
126 19 1
126 198 1
126 225 1
126 72 1
126 40 1
126 79 1
126 203 1
126 128 1
126 68 1
126 110 1
126 76 1
126 108 1
126 15 1
126 105 1
126 37 1
126 139 1
126 172 1
126 185 1
126 102 1
126 190 1
126 69 1
126 150 1
126 204 1
126 209 1
126 168 1
126 5 1
126 7 1
126 113 1
8 133 1
8 23 1
8 186 1
8 217 1
8 210 1
8 92 1
8 218 1
8 118 1
8 192 1
8 35 1
8 205 1
8 227 1
8 162 1
8 48 1
8 141 1
8 124 1
8 143 1
8 131 1
8 30 1
8 16 1
8 29 1
8 171 1
8 127 1
8 85 1
8 46 1
8 230 1
8 12 1
8 91 1
8 199 1
8 51 1
8 201 1
8 60 1
8 156 1
8 223 1
8 111 1
8 106 1
8 176 1
8 228 1
8 109 1
8 53 1
8 206 1
8 146 1
8 20 1
8 198 1
8 140 1
8 79 1
8 44 1
8 9 1
8 28 1
8 203 1
8 14 1
8 105 1
8 185 1
8 27 1
8 102 1
8 69 1
8 70 1
8 150 1
8 7 1
8 157 1
133 23 1
133 138 1
133 186 1
133 187 1
133 41 1
133 107 1
133 21 1
133 92 1
133 218 1
133 145 1
133 162 1
133 104 1
133 131 1
133 30 1
133 16 1
133 100 1
133 163 1
133 49 1
133 175 1
133 219 1
133 220 1
133 46 1
133 165 1
133 24 1
133 50 1
133 82 1
133 56 1
133 191 1
133 111 1
133 125 1
133 123 1
133 228 1
133 109 1
133 2 1
133 137 1
133 42 1
133 19 1
133 178 1
133 120 1
133 140 1
133 40 1
133 79 1
133 44 1
133 195 1
133 1 1
133 28 1
133 128 1
133 68 1
133 108 1
133 15 1
133 182 1
133 151 1
133 136 1
133 75 1
133 149 1
133 209 1
23 138 1
23 222 1
23 107 1
23 152 1
23 145 1
23 205 1
23 141 1
23 124 1
23 143 1
23 207 1
23 39 1
23 30 1
23 213 1
23 16 1
23 34 1
23 171 1
23 127 1
23 49 1
23 197 1
23 25 1
23 46 1
23 230 1
23 12 1
23 24 1
23 50 1
23 91 1
23 199 1
23 65 1
23 142 1
23 208 1
23 123 1
23 109 1
23 158 1
23 52 1
23 42 1
23 130 1
23 72 1
23 153 1
23 44 1
23 170 1
23 9 1
23 1 1
23 203 1
23 90 1
23 14 1
23 110 1
23 182 1
23 134 1
23 172 1
23 27 1
23 190 1
23 188 1
23 69 1
23 70 1
23 204 1
23 168 1
23 5 1
23 7 1
23 157 1
138 186 1
138 217 1
138 222 1
138 212 1
138 152 1
138 162 1
138 143 1
138 207 1
138 30 1
138 132 1
138 78 1
138 100 1
138 34 1
138 127 1
138 220 1
138 180 1
138 215 1
138 12 1
138 24 1
138 50 1
138 199 1
138 82 1
138 201 1
138 56 1
138 60 1
138 65 1
138 106 1
138 206 1
138 52 1
138 32 1
138 2 1
138 154 1
138 71 1
138 146 1
138 137 1
138 42 1
138 4 1
138 79 1
138 170 1
138 203 1
138 74 1
138 22 1
138 185 1
138 190 1
138 89 1
138 70 1
138 209 1
138 168 1
138 167 1
138 157 1
186 187 1
186 222 1
186 210 1
186 107 1
186 218 1
186 118 1
186 192 1
186 48 1
186 141 1
186 207 1
186 39 1
186 104 1
186 131 1
186 30 1
186 67 1
186 78 1
186 163 1
186 29 1
186 171 1
186 127 1
186 175 1
186 220 1
186 95 1
186 230 1
186 215 1
186 24 1
186 50 1
186 51 1
186 201 1
186 191 1
186 60 1
186 45 1
186 223 1
186 196 1
186 208 1
186 206 1
186 52 1
186 32 1
186 146 1
186 137 1
186 54 1
186 120 1
186 20 1
186 225 1
186 140 1
186 9 1
186 195 1
186 128 1
186 90 1
186 68 1
186 108 1
186 15 1
186 99 1
186 134 1
186 112 1
186 58 1
186 75 1
186 149 1
186 190 1
186 188 1
186 89 1
186 70 1
186 96 1
186 209 1
186 168 1
186 5 1
186 7 1
186 113 1
186 166 1
186 157 1
187 217 1
187 222 1
187 212 1
187 218 1
187 118 1
187 35 1
187 162 1
187 141 1
187 124 1
187 143 1
187 104 1
187 131 1
187 213 1
187 78 1
187 29 1
187 171 1
187 220 1
187 25 1
187 214 1
187 85 1
187 46 1
187 230 1
187 201 1
187 77 1
187 191 1
187 60 1
187 223 1
187 196 1
187 208 1
187 123 1
187 228 1
187 109 1
187 53 1
187 2 1
187 54 1
187 20 1
187 198 1
187 225 1
187 153 1
187 140 1
187 40 1
187 79 1
187 9 1
187 128 1
187 90 1
187 74 1
187 15 1
187 105 1
187 99 1
187 134 1
187 139 1
187 27 1
187 58 1
187 190 1
187 188 1
187 70 1
187 96 1
187 209 1
187 5 1
187 167 1
217 222 1
217 41 1
217 57 1
217 107 1
217 152 1
217 35 1
217 205 1
217 124 1
217 30 1
217 163 1
217 224 1
217 29 1
217 95 1
217 85 1
217 46 1
217 165 1
217 215 1
217 12 1
217 50 1
217 199 1
217 51 1
217 201 1
217 56 1
217 65 1
217 156 1
217 142 1
217 125 1
217 208 1
217 123 1
217 228 1
217 109 1
217 53 1
217 189 1
217 52 1
217 154 1
217 146 1
217 178 1
217 120 1
217 198 1
217 130 1
217 225 1
217 72 1
217 153 1
217 40 1
217 170 1
217 9 1
217 68 1
217 14 1
217 76 1
217 108 1
217 15 1
217 182 1
217 99 1
217 136 1
217 172 1
217 102 1
217 58 1
217 149 1
217 190 1
217 69 1
217 70 1
217 150 1
217 204 1
217 168 1
217 113 1
217 166 1
217 3 1
222 210 1
222 107 1
222 145 1
222 192 1
222 162 1
222 207 1
222 131 1
222 30 1
222 16 1
222 100 1
222 163 1
222 34 1
222 127 1
222 175 1
222 95 1
222 135 1
222 230 1
222 50 1
222 82 1
222 191 1
222 142 1
222 45 1
222 196 1
222 208 1
222 106 1
222 123 1
222 109 1
222 189 1
222 158 1
222 32 1
222 154 1
222 20 1
222 130 1
222 72 1
222 153 1
222 170 1
222 9 1
222 1 1
222 28 1
222 14 1
222 76 1
222 108 1
222 105 1
222 134 1
222 136 1
222 37 1
222 139 1
222 112 1
222 27 1
222 102 1
222 75 1
222 70 1
222 96 1
222 117 1
222 166 1
210 41 1
210 57 1
210 92 1
210 152 1
210 35 1
210 205 1
210 48 1
210 124 1
210 39 1
210 30 1
210 213 1
210 100 1
210 224 1
210 34 1
210 49 1
210 220 1
210 25 1
210 180 1
210 95 1
210 85 1
210 135 1
210 230 1
210 215 1
210 12 1
210 50 1
210 51 1
210 201 1
210 77 1
210 60 1
210 142 1
210 196 1
210 228 1
210 84 1
210 53 1
210 32 1
210 194 1
210 146 1
210 42 1
210 54 1
210 198 1
210 225 1
210 153 1
210 40 1
210 79 1
210 44 1
210 195 1
210 1 1
210 203 1
210 128 1
210 74 1
210 22 1
210 108 1
210 15 1
210 151 1
210 105 1
210 99 1
210 134 1
210 37 1
210 172 1
210 112 1
210 185 1
210 27 1
210 102 1
210 58 1
210 75 1
210 149 1
210 188 1
210 103 1
41 212 1
41 107 1
41 92 1
41 152 1
41 118 1
41 192 1
41 35 1
41 141 1
41 124 1
41 100 1
41 29 1
41 171 1
41 175 1
41 197 1
41 180 1
41 95 1
41 135 1
41 165 1
41 230 1
41 215 1
41 161 1
41 82 1
41 201 1
41 56 1
41 60 1
41 223 1
41 125 1
41 123 1
41 206 1
41 189 1
41 158 1
41 52 1
41 194 1
41 71 1
41 42 1
41 130 1
41 72 1
41 140 1
41 44 1
41 170 1
41 203 1
41 74 1
41 144 1
41 110 1
41 108 1
41 182 1
41 151 1
41 37 1
41 139 1
41 112 1
41 27 1
41 58 1
41 149 1
41 188 1
41 70 1
41 150 1
41 204 1
41 96 1
41 166 1
212 57 1
212 21 1
212 218 1
212 205 1
212 227 1
212 141 1
212 124 1
212 39 1
212 213 1
212 132 1
212 67 1
212 127 1
212 175 1
212 180 1
212 85 1
212 46 1
212 91 1
212 199 1
212 77 1
212 60 1
212 65 1
212 156 1
212 45 1
212 111 1
212 125 1
212 123 1
212 206 1
212 52 1
212 2 1
212 178 1
212 120 1
212 153 1
212 140 1
212 40 1
212 1 1
212 31 1
212 203 1
212 128 1
212 68 1
212 14 1
212 76 1
212 15 1
212 105 1
212 99 1
212 136 1
212 37 1
212 185 1
212 102 1
212 94 1
212 204 1
212 96 1
212 168 1
212 7 1
212 167 1
212 103 1
212 3 1
57 107 1
57 21 1
57 152 1
57 227 1
57 124 1
57 39 1
57 132 1
57 67 1
57 34 1
57 29 1
57 219 1
57 197 1
57 25 1
57 180 1
57 161 1
57 50 1
57 199 1
57 82 1
57 77 1
57 106 1
57 228 1
57 53 1
57 206 1
57 194 1
57 19 1
57 178 1
57 54 1
57 20 1
57 198 1
57 140 1
57 40 1
57 44 1
57 170 1
57 9 1
57 28 1
57 203 1
57 68 1
57 22 1
57 110 1
57 151 1
57 99 1
57 136 1
57 112 1
57 185 1
57 27 1
57 75 1
57 190 1
57 204 1
57 96 1
57 209 1
57 168 1
57 5 1
57 167 1
57 113 1
57 166 1
107 21 1
107 118 1
107 145 1
107 35 1
107 141 1
107 124 1
107 207 1
107 104 1
107 131 1
107 30 1
107 132 1
107 34 1
107 29 1
107 171 1
107 175 1
107 219 1
107 220 1
107 95 1
107 85 1
107 165 1
107 230 1
107 161 1
107 50 1
107 56 1
107 191 1
107 65 1
107 111 1
107 196 1
107 176 1
107 53 1
107 189 1
107 146 1
107 19 1
107 54 1
107 120 1
107 225 1
107 153 1
107 40 1
107 44 1
107 1 1
107 28 1
107 68 1
107 22 1
107 110 1
107 105 1
107 134 1
107 172 1
107 112 1
107 102 1
107 149 1
107 190 1
107 188 1
107 150 1
107 209 1
107 7 1
107 113 1
107 117 1
21 92 1
21 152 1
21 118 1
21 145 1
21 35 1
21 141 1
21 143 1
21 39 1
21 131 1
21 30 1
21 67 1
21 16 1
21 224 1
21 34 1
21 29 1
21 127 1
21 25 1
21 180 1
21 95 1
21 46 1
21 165 1
21 161 1
21 199 1
21 56 1
21 77 1
21 156 1
21 111 1
21 208 1
21 106 1
21 123 1
21 109 1
21 84 1
21 53 1
21 206 1
21 158 1
21 42 1
21 120 1
21 20 1
21 198 1
21 130 1
21 40 1
21 128 1
21 14 1
21 74 1
21 22 1
21 144 1
21 76 1
21 108 1
21 15 1
21 151 1
21 99 1
21 37 1
21 139 1
21 185 1
21 27 1
21 102 1
21 188 1
21 89 1
21 94 1
21 150 1
21 96 1
21 7 1
21 157 1
92 218 1
92 152 1
92 192 1
92 35 1
92 143 1
92 131 1
92 78 1
92 224 1
92 127 1
92 219 1
92 220 1
92 180 1
92 46 1
92 230 1
92 121 1
92 215 1
92 24 1
92 161 1
92 82 1
92 56 1
92 65 1
92 156 1
92 142 1
92 45 1
92 223 1
92 106 1
92 228 1
92 109 1
92 158 1
92 154 1
92 137 1
92 42 1
92 19 1
92 120 1
92 20 1
92 198 1
92 4 1
92 153 1
92 140 1
92 31 1
92 203 1
92 128 1
92 90 1
92 14 1
92 110 1
92 151 1
92 105 1
92 99 1
92 136 1
92 37 1
92 139 1
92 112 1
92 185 1
92 27 1
92 75 1
92 149 1
92 89 1
92 69 1
92 94 1
92 168 1
92 7 1
92 103 1
218 152 1
218 145 1
218 35 1
218 205 1
218 141 1
218 207 1
218 104 1
218 131 1
218 30 1
218 132 1
218 16 1
218 34 1
218 29 1
218 49 1
218 219 1
218 197 1
218 220 1
218 25 1
218 180 1
218 95 1
218 85 1
218 135 1
218 230 1
218 12 1
218 161 1
218 50 1
218 51 1
218 77 1
218 191 1
218 142 1
218 223 1
218 111 1
218 208 1
218 106 1
218 176 1
218 123 1
218 84 1
218 158 1
218 194 1
218 42 1
218 54 1
218 20 1
218 4 1
218 153 1
218 9 1
218 195 1
218 203 1
218 14 1
218 22 1
218 76 1
218 182 1
218 105 1
218 99 1
218 136 1
218 37 1
218 185 1
218 102 1
218 58 1
218 190 1
218 94 1
218 204 1
218 209 1
218 168 1
218 5 1
218 113 1
218 166 1
218 157 1
152 118 1
152 227 1
152 162 1
152 207 1
152 39 1
152 131 1
152 30 1
152 213 1
152 132 1
152 163 1
152 171 1
152 175 1
152 197 1
152 180 1
152 12 1
152 82 1
152 191 1
152 60 1
152 65 1
152 156 1
152 142 1
152 223 1
152 125 1
152 196 1
152 208 1
152 176 1
152 228 1
152 53 1
152 189 1
152 158 1
152 154 1
152 194 1
152 71 1
152 146 1
152 178 1
152 4 1
152 140 1
152 195 1
152 31 1
152 128 1
152 68 1
152 99 1
152 134 1
152 27 1
152 58 1
152 103 1
152 166 1
118 145 1
118 192 1
118 162 1
118 141 1
118 39 1
118 131 1
118 132 1
118 67 1
118 78 1
118 163 1
118 197 1
118 220 1
118 95 1
118 24 1
118 82 1
118 201 1
118 56 1
118 60 1
118 156 1
118 142 1
118 106 1
118 123 1
118 53 1
118 71 1
118 146 1
118 42 1
118 178 1
118 54 1
118 225 1
118 72 1
118 4 1
118 140 1
118 79 1
118 44 1
118 28 1
118 203 1
118 74 1
118 22 1
118 110 1
118 76 1
118 134 1
118 185 1
118 27 1
118 69 1
118 168 1
118 7 1
118 166 1
145 192 1
145 227 1
145 162 1
145 143 1
145 207 1
145 39 1
145 104 1
145 67 1
145 16 1
145 78 1
145 224 1
145 34 1
145 171 1
145 127 1
145 49 1
145 220 1
145 180 1
145 214 1
145 85 1
145 165 1
145 215 1
145 12 1
145 161 1
145 50 1
145 51 1
145 142 1
145 45 1
145 106 1
145 176 1
145 228 1
145 109 1
145 206 1
145 189 1
145 158 1
145 32 1
145 2 1
145 194 1
145 146 1
145 42 1
145 178 1
145 54 1
145 120 1
145 20 1
145 130 1
145 140 1
145 40 1
145 79 1
145 170 1
145 9 1
145 1 1
145 31 1
145 203 1
145 128 1
145 14 1
145 74 1
145 22 1
145 134 1
145 172 1
145 27 1
145 58 1
145 75 1
145 149 1
145 89 1
145 69 1
145 204 1
145 209 1
145 5 1
145 167 1
145 166 1
192 35 1
192 227 1
192 162 1
192 48 1
192 124 1
192 67 1
192 100 1
192 219 1
192 95 1
192 135 1
192 165 1
192 230 1
192 215 1
192 12 1
192 50 1
192 82 1
192 77 1
192 65 1
192 156 1
192 142 1
192 223 1
192 106 1
192 84 1
192 53 1
192 158 1
192 52 1
192 2 1
192 154 1
192 146 1
192 42 1
192 130 1
192 225 1
192 4 1
192 153 1
192 40 1
192 170 1
192 1 1
192 28 1
192 74 1
192 144 1
192 15 1
192 134 1
192 139 1
192 58 1
192 75 1
192 89 1
192 70 1
192 94 1
192 150 1
192 209 1
192 5 1
192 167 1
192 3 1
35 205 1
35 227 1
35 104 1
35 131 1
35 16 1
35 100 1
35 34 1
35 49 1
35 175 1
35 220 1
35 214 1
35 95 1
35 85 1
35 46 1
35 135 1
35 230 1
35 199 1
35 51 1
35 82 1
35 201 1
35 77 1
35 142 1
35 223 1
35 111 1
35 125 1
35 208 1
35 106 1
35 176 1
35 123 1
35 53 1
35 146 1
35 120 1
35 130 1
35 225 1
35 140 1
35 44 1
35 1 1
35 28 1
35 31 1
35 203 1
35 68 1
35 182 1
35 151 1
35 105 1
35 99 1
35 134 1
35 37 1
35 139 1
35 172 1
35 27 1
35 58 1
35 70 1
35 209 1
35 168 1
35 167 1
35 157 1
205 227 1
205 162 1
205 143 1
205 131 1
205 132 1
205 100 1
205 163 1
205 224 1
205 171 1
205 220 1
205 25 1
205 180 1
205 95 1
205 85 1
205 46 1
205 215 1
205 161 1
205 91 1
205 199 1
205 56 1
205 77 1
205 60 1
205 65 1
205 142 1
205 223 1
205 111 1
205 208 1
205 106 1
205 176 1
205 228 1
205 158 1
205 52 1
205 154 1
205 194 1
205 71 1
205 137 1
205 120 1
205 198 1
205 225 1
205 72 1
205 79 1
205 44 1
205 170 1
205 9 1
205 195 1
205 203 1
205 22 1
205 144 1
205 105 1
205 99 1
205 134 1
205 37 1
205 172 1
205 102 1
205 75 1
205 149 1
205 94 1
205 150 1
205 209 1
205 168 1
205 7 1
205 167 1
205 117 1
227 162 1
227 124 1
227 143 1
227 104 1
227 30 1
227 213 1
227 224 1
227 127 1
227 175 1
227 219 1
227 180 1
227 95 1
227 230 1
227 121 1
227 12 1
227 161 1
227 50 1
227 199 1
227 201 1
227 77 1
227 60 1
227 142 1
227 125 1
227 196 1
227 208 1
227 228 1
227 189 1
227 32 1
227 2 1
227 194 1
227 120 1
227 198 1
227 140 1
227 40 1
227 79 1
227 170 1
227 9 1
227 195 1
227 1 1
227 31 1
227 203 1
227 128 1
227 14 1
227 22 1
227 144 1
227 108 1
227 105 1
227 99 1
227 134 1
227 172 1
227 185 1
227 58 1
227 149 1
227 188 1
227 96 1
227 7 1
227 167 1
227 103 1
227 3 1
162 48 1
162 207 1
162 39 1
162 104 1
162 30 1
162 213 1
162 67 1
162 163 1
162 224 1
162 29 1
162 127 1
162 49 1
162 197 1
162 95 1
162 85 1
162 121 1
162 215 1
162 51 1
162 82 1
162 77 1
162 156 1
162 196 1
162 228 1
162 53 1
162 52 1
162 32 1
162 194 1
162 71 1
162 19 1
162 198 1
162 130 1
162 72 1
162 40 1
162 170 1
162 9 1
162 128 1
162 90 1
162 68 1
162 74 1
162 22 1
162 144 1
162 108 1
162 182 1
162 151 1
162 99 1
162 139 1
162 27 1
162 102 1
162 149 1
162 89 1
162 94 1
162 150 1
162 96 1
162 168 1
162 5 1
162 7 1
162 117 1
48 141 1
48 30 1
48 163 1
48 224 1
48 29 1
48 127 1
48 197 1
48 180 1
48 85 1
48 46 1
48 165 1
48 215 1
48 12 1
48 24 1
48 91 1
48 56 1
48 60 1
48 65 1
48 111 1
48 125 1
48 208 1
48 106 1
48 84 1
48 189 1
48 158 1
48 2 1
48 194 1
48 71 1
48 20 1
48 4 1
48 153 1
48 79 1
48 44 1
48 170 1
48 9 1
48 1 1
48 28 1
48 31 1
48 68 1
48 144 1
48 108 1
48 15 1
48 151 1
48 105 1
48 134 1
48 172 1
48 58 1
48 75 1
48 149 1
48 70 1
48 96 1
48 209 1
48 168 1
48 3 1
141 124 1
141 207 1
141 39 1
141 67 1
141 100 1
141 34 1
141 29 1
141 127 1
141 175 1
141 219 1
141 95 1
141 85 1
141 165 1
141 12 1
141 24 1
141 161 1
141 56 1
141 60 1
141 156 1
141 223 1
141 111 1
141 208 1
141 106 1
141 176 1
141 123 1
141 228 1
141 84 1
141 53 1
141 158 1
141 2 1
141 19 1
141 54 1
141 130 1
141 225 1
141 72 1
141 40 1
141 1 1
141 28 1
141 31 1
141 14 1
141 74 1
141 144 1
141 110 1
141 105 1
141 99 1
141 134 1
141 139 1
141 112 1
141 102 1
141 58 1
141 190 1
141 69 1
141 204 1
141 167 1
141 3 1
124 143 1
124 104 1
124 30 1
124 213 1
124 67 1
124 16 1
124 224 1
124 29 1
124 171 1
124 49 1
124 197 1
124 220 1
124 25 1
124 85 1
124 46 1
124 121 1
124 215 1
124 161 1
124 199 1
124 191 1
124 156 1
124 142 1
124 125 1
124 196 1
124 208 1
124 176 1
124 189 1
124 19 1
124 120 1
124 198 1
124 4 1
124 79 1
124 44 1
124 9 1
124 195 1
124 1 1
124 31 1
124 203 1
124 128 1
124 90 1
124 68 1
124 110 1
124 108 1
124 151 1
124 105 1
124 99 1
124 185 1
124 27 1
124 58 1
124 149 1
124 150 1
124 209 1
124 5 1
124 157 1
124 3 1
143 207 1
143 132 1
143 29 1
143 220 1
143 46 1
143 135 1
143 230 1
143 12 1
143 24 1
143 199 1
143 51 1
143 201 1
143 191 1
143 60 1
143 65 1
143 106 1
143 206 1
143 189 1
143 154 1
143 71 1
143 42 1
143 20 1
143 130 1
143 153 1
143 40 1
143 44 1
143 170 1
143 31 1
143 90 1
143 76 1
143 105 1
143 37 1
143 172 1
143 102 1
143 58 1
143 75 1
143 89 1
143 69 1
143 70 1
143 150 1
143 209 1
143 7 1
143 167 1
143 113 1
143 166 1
143 3 1
207 39 1
207 104 1
207 131 1
207 132 1
207 67 1
207 34 1
207 29 1
207 171 1
207 127 1
207 49 1
207 85 1
207 165 1
207 230 1
207 50 1
207 199 1
207 45 1
207 223 1
207 111 1
207 208 1
207 106 1
207 228 1
207 109 1
207 53 1
207 206 1
207 189 1
207 2 1
207 146 1
207 42 1
207 54 1
207 120 1
207 130 1
207 72 1
207 153 1
207 79 1
207 195 1
207 128 1
207 15 1
207 151 1
207 134 1
207 112 1
207 185 1
207 102 1
207 58 1
207 149 1
207 190 1
207 188 1
207 94 1
207 204 1
207 3 1
39 104 1
39 131 1
39 213 1
39 132 1
39 67 1
39 100 1
39 34 1
39 220 1
39 25 1
39 180 1
39 46 1
39 215 1
39 161 1
39 50 1
39 91 1
39 56 1
39 77 1
39 191 1
39 45 1
39 111 1
39 196 1
39 106 1
39 123 1
39 228 1
39 109 1
39 53 1
39 206 1
39 189 1
39 32 1
39 2 1
39 154 1
39 71 1
39 42 1
39 19 1
39 120 1
39 20 1
39 198 1
39 72 1
39 4 1
39 153 1
39 44 1
39 1 1
39 203 1
39 90 1
39 14 1
39 15 1
39 182 1
39 105 1
39 136 1
39 37 1
39 139 1
39 75 1
39 149 1
39 69 1
39 70 1
39 150 1
39 117 1
39 3 1
104 131 1
104 30 1
104 163 1
104 34 1
104 127 1
104 49 1
104 175 1
104 197 1
104 180 1
104 85 1
104 46 1
104 135 1
104 230 1
104 12 1
104 161 1
104 50 1
104 201 1
104 56 1
104 77 1
104 191 1
104 60 1
104 208 1
104 109 1
104 84 1
104 206 1
104 71 1
104 146 1
104 42 1
104 130 1
104 40 1
104 79 1
104 44 1
104 9 1
104 31 1
104 14 1
104 22 1
104 108 1
104 151 1
104 99 1
104 134 1
104 136 1
104 37 1
104 149 1
104 168 1
104 5 1
104 103 1
104 117 1
104 3 1
131 30 1
131 16 1
131 100 1
131 163 1
131 224 1
131 34 1
131 29 1
131 171 1
131 49 1
131 197 1
131 180 1
131 95 1
131 46 1
131 135 1
131 230 1
131 215 1
131 24 1
131 91 1
131 201 1
131 77 1
131 191 1
131 65 1
131 156 1
131 223 1
131 208 1
131 123 1
131 84 1
131 206 1
131 71 1
131 178 1
131 54 1
131 120 1
131 20 1
131 198 1
131 130 1
131 225 1
131 4 1
131 153 1
131 40 1
131 195 1
131 28 1
131 203 1
131 76 1
131 108 1
131 105 1
131 99 1
131 136 1
131 172 1
131 112 1
131 185 1
131 102 1
131 75 1
131 149 1
131 190 1
131 69 1
131 7 1
131 167 1
131 113 1
131 157 1
30 213 1
30 67 1
30 16 1
30 34 1
30 29 1
30 214 1
30 95 1
30 121 1
30 50 1
30 91 1
30 201 1
30 191 1
30 142 1
30 223 1
30 111 1
30 125 1
30 208 1
30 106 1
30 176 1
30 123 1
30 52 1
30 194 1
30 146 1
30 137 1
30 19 1
30 120 1
30 20 1
30 72 1
30 4 1
30 153 1
30 140 1
30 170 1
30 9 1
30 195 1
30 28 1
30 128 1
30 68 1
30 110 1
30 108 1
30 182 1
30 136 1
30 139 1
30 112 1
30 188 1
30 94 1
30 96 1
30 209 1
30 117 1
213 132 1
213 224 1
213 29 1
213 171 1
213 49 1
213 175 1
213 219 1
213 197 1
213 85 1
213 46 1
213 230 1
213 121 1
213 215 1
213 12 1
213 199 1
213 201 1
213 60 1
213 111 1
213 123 1
213 84 1
213 53 1
213 158 1
213 52 1
213 71 1
213 146 1
213 42 1
213 198 1
213 225 1
213 153 1
213 79 1
213 1 1
213 28 1
213 31 1
213 128 1
213 90 1
213 144 1
213 76 1
213 15 1
213 182 1
213 151 1
213 99 1
213 172 1
213 185 1
213 149 1
213 89 1
213 94 1
213 209 1
213 5 1
213 166 1
213 157 1
213 3 1
132 67 1
132 163 1
132 171 1
132 127 1
132 175 1
132 220 1
132 95 1
132 121 1
132 12 1
132 91 1
132 199 1
132 51 1
132 77 1
132 156 1
132 142 1
132 45 1
132 223 1
132 196 1
132 208 1
132 32 1
132 71 1
132 146 1
132 42 1
132 19 1
132 178 1
132 198 1
132 72 1
132 140 1
132 31 1
132 128 1
132 68 1
132 14 1
132 74 1
132 144 1
132 110 1
132 37 1
132 172 1
132 185 1
132 27 1
132 89 1
132 69 1
132 96 1
132 209 1
132 168 1
132 103 1
132 117 1
132 157 1
67 16 1
67 78 1
67 163 1
67 127 1
67 49 1
67 175 1
67 197 1
67 220 1
67 180 1
67 24 1
67 50 1
67 91 1
67 201 1
67 156 1
67 45 1
67 106 1
67 123 1
67 228 1
67 109 1
67 84 1
67 206 1
67 189 1
67 158 1
67 2 1
67 146 1
67 42 1
67 19 1
67 120 1
67 130 1
67 4 1
67 140 1
67 79 1
67 44 1
67 9 1
67 128 1
67 90 1
67 76 1
67 108 1
67 15 1
67 134 1
67 37 1
67 27 1
67 58 1
67 70 1
67 209 1
67 168 1
67 7 1
67 167 1
67 103 1
67 157 1
67 3 1
16 78 1
16 163 1
16 224 1
16 171 1
16 49 1
16 25 1
16 85 1
16 121 1
16 12 1
16 161 1
16 50 1
16 91 1
16 199 1
16 56 1
16 191 1
16 65 1
16 156 1
16 111 1
16 125 1
16 208 1
16 123 1
16 84 1
16 206 1
16 2 1
16 137 1
16 120 1
16 20 1
16 198 1
16 130 1
16 153 1
16 140 1
16 170 1
16 9 1
16 28 1
16 22 1
16 110 1
16 15 1
16 182 1
16 151 1
16 105 1
16 99 1
16 112 1
16 190 1
16 188 1
16 69 1
16 204 1
16 5 1
16 117 1
16 166 1
16 3 1
78 100 1
78 171 1
78 219 1
78 95 1
78 85 1
78 46 1
78 135 1
78 165 1
78 230 1
78 215 1
78 12 1
78 77 1
78 156 1
78 142 1
78 45 1
78 223 1
78 196 1
78 208 1
78 176 1
78 109 1
78 189 1
78 32 1
78 2 1
78 194 1
78 71 1
78 146 1
78 42 1
78 19 1
78 120 1
78 130 1
78 225 1
78 72 1
78 153 1
78 140 1
78 40 1
78 203 1
78 128 1
78 90 1
78 144 1
78 182 1
78 139 1
78 185 1
78 102 1
78 190 1
78 188 1
78 89 1
78 70 1
78 94 1
78 209 1
78 5 1
78 117 1
78 166 1
78 157 1
78 3 1
100 163 1
100 29 1
100 171 1
100 180 1
100 95 1
100 135 1
100 230 1
100 121 1
100 50 1
100 91 1
100 199 1
100 82 1
100 201 1
100 191 1
100 156 1
100 142 1
100 189 1
100 32 1
100 194 1
100 178 1
100 198 1
100 140 1
100 40 1
100 28 1
100 31 1
100 203 1
100 74 1
100 182 1
100 151 1
100 99 1
100 136 1
100 139 1
100 172 1
100 102 1
100 69 1
100 70 1
100 209 1
100 5 1
100 117 1
100 3 1
163 224 1
163 29 1
163 127 1
163 25 1
163 180 1
163 95 1
163 46 1
163 215 1
163 50 1
163 199 1
163 51 1
163 82 1
163 201 1
163 56 1
163 77 1
163 45 1
163 111 1
163 106 1
163 176 1
163 228 1
163 53 1
163 206 1
163 189 1
163 2 1
163 146 1
163 42 1
163 19 1
163 178 1
163 130 1
163 40 1
163 79 1
163 9 1
163 195 1
163 1 1
163 31 1
163 203 1
163 14 1
163 144 1
163 76 1
163 108 1
163 182 1
163 112 1
163 27 1
163 149 1
163 188 1
163 69 1
163 70 1
163 209 1
163 168 1
163 103 1
163 113 1
163 117 1
163 3 1
224 34 1
224 49 1
224 197 1
224 220 1
224 46 1
224 135 1
224 50 1
224 91 1
224 201 1
224 191 1
224 156 1
224 142 1
224 45 1
224 196 1
224 176 1
224 228 1
224 109 1
224 53 1
224 158 1
224 154 1
224 71 1
224 146 1
224 42 1
224 54 1
224 120 1
224 20 1
224 130 1
224 72 1
224 140 1
224 195 1
224 1 1
224 28 1
224 128 1
224 68 1
224 14 1
224 144 1
224 76 1
224 105 1
224 99 1
224 172 1
224 27 1
224 58 1
224 70 1
224 150 1
224 204 1
224 96 1
224 7 1
224 167 1
224 113 1
34 29 1
34 171 1
34 49 1
34 219 1
34 197 1
34 180 1
34 85 1
34 46 1
34 230 1
34 91 1
34 199 1
34 60 1
34 45 1
34 123 1
34 53 1
34 158 1
34 2 1
34 71 1
34 146 1
34 137 1
34 42 1
34 130 1
34 4 1
34 153 1
34 140 1
34 40 1
34 44 1
34 9 1
34 195 1
34 74 1
34 22 1
34 110 1
34 151 1
34 99 1
34 139 1
34 112 1
34 27 1
34 102 1
34 75 1
34 190 1
34 69 1
34 70 1
34 150 1
34 96 1
34 7 1
29 171 1
29 175 1
29 197 1
29 95 1
29 85 1
29 135 1
29 165 1
29 12 1
29 24 1
29 51 1
29 82 1
29 60 1
29 125 1
29 109 1
29 84 1
29 206 1
29 52 1
29 32 1
29 71 1
29 19 1
29 20 1
29 140 1
29 79 1
29 195 1
29 1 1
29 203 1
29 74 1
29 144 1
29 110 1
29 76 1
29 15 1
29 134 1
29 139 1
29 172 1
29 112 1
29 185 1
29 75 1
29 188 1
29 89 1
29 96 1
29 168 1
29 167 1
29 157 1
171 127 1
171 175 1
171 197 1
171 214 1
171 85 1
171 135 1
171 230 1
171 121 1
171 12 1
171 24 1
171 91 1
171 199 1
171 51 1
171 82 1
171 191 1
171 111 1
171 125 1
171 196 1
171 208 1
171 106 1
171 109 1
171 158 1
171 52 1
171 137 1
171 42 1
171 178 1
171 130 1
171 40 1
171 79 1
171 9 1
171 195 1
171 28 1
171 14 1
171 22 1
171 110 1
171 108 1
171 134 1
171 172 1
171 112 1
171 102 1
171 75 1
171 190 1
171 188 1
171 89 1
171 69 1
171 150 1
171 204 1
171 209 1
171 168 1
171 103 1
171 157 1
127 49 1
127 219 1
127 220 1
127 214 1
127 95 1
127 161 1
127 50 1
127 199 1
127 82 1
127 56 1
127 65 1
127 45 1
127 111 1
127 106 1
127 228 1
127 84 1
127 53 1
127 206 1
127 158 1
127 194 1
127 146 1
127 42 1
127 19 1
127 178 1
127 54 1
127 120 1
127 225 1
127 72 1
127 44 1
127 9 1
127 90 1
127 68 1
127 14 1
127 144 1
127 110 1
127 15 1
127 182 1
127 151 1
127 134 1
127 136 1
127 190 1
127 89 1
127 204 1
127 96 1
127 209 1
127 168 1
127 113 1
49 175 1
49 219 1
49 220 1
49 180 1
49 214 1
49 95 1
49 85 1
49 135 1
49 121 1
49 215 1
49 199 1
49 77 1
49 60 1
49 65 1
49 142 1
49 45 1
49 111 1
49 196 1
49 228 1
49 109 1
49 53 1
49 158 1
49 2 1
49 146 1
49 137 1
49 19 1
49 54 1
49 72 1
49 153 1
49 40 1
49 170 1
49 9 1
49 195 1
49 31 1
49 90 1
49 68 1
49 74 1
49 110 1
49 108 1
49 15 1
49 151 1
49 99 1
49 134 1
49 139 1
49 172 1
49 112 1
49 185 1
49 58 1
49 75 1
49 190 1
49 188 1
49 69 1
49 70 1
49 209 1
49 3 1
175 219 1
175 220 1
175 135 1
175 121 1
175 12 1
175 24 1
175 50 1
175 82 1
175 56 1
175 191 1
175 60 1
175 65 1
175 223 1
175 106 1
175 228 1
175 53 1
175 158 1
175 2 1
175 154 1
175 146 1
175 42 1
175 178 1
175 54 1
175 120 1
175 20 1
175 130 1
175 225 1
175 79 1
175 9 1
175 195 1
175 28 1
175 90 1
175 14 1
175 74 1
175 110 1
175 76 1
175 108 1
175 105 1
175 134 1
175 172 1
175 112 1
175 185 1
175 89 1
175 69 1
175 70 1
175 94 1
175 204 1
175 96 1
175 168 1
175 5 1
175 167 1
175 103 1
175 113 1
175 166 1
175 3 1
219 197 1
219 95 1
219 230 1
219 199 1
219 51 1
219 201 1
219 77 1
219 60 1
219 65 1
219 223 1
219 125 1
219 176 1
219 228 1
219 206 1
219 189 1
219 158 1
219 2 1
219 42 1
219 120 1
219 20 1
219 198 1
219 130 1
219 225 1
219 140 1
219 40 1
219 79 1
219 44 1
219 9 1
219 1 1
219 31 1
219 22 1
219 144 1
219 76 1
219 15 1
219 99 1
219 190 1
219 188 1
219 89 1
219 150 1
219 204 1
219 168 1
219 5 1
219 7 1
219 103 1
219 113 1
219 157 1
219 3 1
197 220 1
197 25 1
197 85 1
197 46 1
197 121 1
197 215 1
197 82 1
197 201 1
197 77 1
197 60 1
197 45 1
197 111 1
197 125 1
197 208 1
197 106 1
197 176 1
197 123 1
197 228 1
197 53 1
197 206 1
197 158 1
197 52 1
197 146 1
197 137 1
197 42 1
197 19 1
197 178 1
197 130 1
197 79 1
197 44 1
197 9 1
197 195 1
197 28 1
197 31 1
197 74 1
197 144 1
197 151 1
197 105 1
197 99 1
197 134 1
197 139 1
197 185 1
197 27 1
197 102 1
197 75 1
197 188 1
197 69 1
197 94 1
197 209 1
197 167 1
197 166 1
220 25 1
220 214 1
220 85 1
220 215 1
220 12 1
220 161 1
220 51 1
220 56 1
220 191 1
220 142 1
220 45 1
220 111 1
220 125 1
220 109 1
220 206 1
220 189 1
220 146 1
220 19 1
220 120 1
220 198 1
220 225 1
220 72 1
220 4 1
220 74 1
220 22 1
220 108 1
220 15 1
220 139 1
220 185 1
220 75 1
220 188 1
220 150 1
220 167 1
220 157 1
220 3 1
25 180 1
25 214 1
25 46 1
25 121 1
25 12 1
25 51 1
25 201 1
25 56 1
25 65 1
25 156 1
25 223 1
25 196 1
25 208 1
25 228 1
25 158 1
25 52 1
25 194 1
25 71 1
25 146 1
25 137 1
25 19 1
25 225 1
25 4 1
25 79 1
25 44 1
25 9 1
25 28 1
25 203 1
25 90 1
25 68 1
25 110 1
25 15 1
25 134 1
25 136 1
25 37 1
25 139 1
25 75 1
25 149 1
25 190 1
25 168 1
25 5 1
25 167 1
25 113 1
25 117 1
25 3 1
180 214 1
180 12 1
180 161 1
180 199 1
180 51 1
180 191 1
180 60 1
180 142 1
180 223 1
180 125 1
180 176 1
180 123 1
180 109 1
180 53 1
180 206 1
180 189 1
180 32 1
180 2 1
180 154 1
180 19 1
180 54 1
180 20 1
180 4 1
180 153 1
180 79 1
180 195 1
180 31 1
180 203 1
180 68 1
180 14 1
180 74 1
180 182 1
180 37 1
180 139 1
180 172 1
180 112 1
180 185 1
180 102 1
180 188 1
180 150 1
180 204 1
180 209 1
180 168 1
180 167 1
180 117 1
180 157 1
180 3 1
214 95 1
214 85 1
214 230 1
214 12 1
214 50 1
214 199 1
214 201 1
214 191 1
214 60 1
214 65 1
214 156 1
214 223 1
214 196 1
214 208 1
214 106 1
214 176 1
214 228 1
214 53 1
214 158 1
214 32 1
214 137 1
214 178 1
214 120 1
214 130 1
214 225 1
214 79 1
214 170 1
214 9 1
214 1 1
214 31 1
214 203 1
214 14 1
214 110 1
214 105 1
214 99 1
214 134 1
214 37 1
214 172 1
214 112 1
214 102 1
214 149 1
214 188 1
214 69 1
214 209 1
214 168 1
214 103 1
214 117 1
95 85 1
95 46 1
95 135 1
95 230 1
95 161 1
95 91 1
95 51 1
95 77 1
95 45 1
95 223 1
95 111 1
95 106 1
95 176 1
95 53 1
95 206 1
95 2 1
95 194 1
95 71 1
95 19 1
95 198 1
95 130 1
95 225 1
95 153 1
95 195 1
95 1 1
95 28 1
95 203 1
95 68 1
95 14 1
95 22 1
95 108 1
95 182 1
95 151 1
95 105 1
95 134 1
95 112 1
95 102 1
95 75 1
95 149 1
95 190 1
95 188 1
95 94 1
95 167 1
85 46 1
85 24 1
85 82 1
85 201 1
85 56 1
85 111 1
85 106 1
85 109 1
85 84 1
85 2 1
85 154 1
85 71 1
85 19 1
85 178 1
85 130 1
85 225 1
85 72 1
85 4 1
85 140 1
85 79 1
85 9 1
85 195 1
85 90 1
85 68 1
85 74 1
85 22 1
85 76 1
85 182 1
85 105 1
85 134 1
85 136 1
85 112 1
85 27 1
85 75 1
85 190 1
85 188 1
85 70 1
85 94 1
85 150 1
85 204 1
85 96 1
85 168 1
85 5 1
85 113 1
85 166 1
85 157 1
46 135 1
46 230 1
46 121 1
46 24 1
46 50 1
46 199 1
46 82 1
46 201 1
46 56 1
46 156 1
46 223 1
46 125 1
46 123 1
46 109 1
46 84 1
46 53 1
46 189 1
46 158 1
46 146 1
46 178 1
46 120 1
46 20 1
46 198 1
46 140 1
46 40 1
46 44 1
46 9 1
46 195 1
46 1 1
46 128 1
46 68 1
46 14 1
46 74 1
46 144 1
46 110 1
46 76 1
46 108 1
46 15 1
46 151 1
46 134 1
46 136 1
46 139 1
46 27 1
46 102 1
46 75 1
46 149 1
46 188 1
46 69 1
46 70 1
46 204 1
46 166 1
46 3 1
135 165 1
135 230 1
135 121 1
135 24 1
135 50 1
135 91 1
135 51 1
135 82 1
135 56 1
135 77 1
135 191 1
135 60 1
135 156 1
135 142 1
135 45 1
135 223 1
135 111 1
135 208 1
135 106 1
135 176 1
135 206 1
135 154 1
135 194 1
135 71 1
135 72 1
135 4 1
135 44 1
135 170 1
135 1 1
135 28 1
135 31 1
135 128 1
135 74 1
135 22 1
135 151 1
135 105 1
135 134 1
135 139 1
135 172 1
135 75 1
135 188 1
135 89 1
135 70 1
135 150 1
135 209 1
135 168 1
135 5 1
135 103 1
135 3 1
165 230 1
165 215 1
165 50 1
165 199 1
165 51 1
165 82 1
165 201 1
165 77 1
165 191 1
165 65 1
165 156 1
165 45 1
165 223 1
165 196 1
165 106 1
165 176 1
165 109 1
165 52 1
165 194 1
165 146 1
165 42 1
165 19 1
165 178 1
165 54 1
165 72 1
165 4 1
165 170 1
165 28 1
165 31 1
165 128 1
165 14 1
165 74 1
165 22 1
165 76 1
165 58 1
165 149 1
165 89 1
165 69 1
165 94 1
165 150 1
165 204 1
165 96 1
165 168 1
165 167 1
165 103 1
165 117 1
165 166 1
165 157 1
230 121 1
230 199 1
230 56 1
230 156 1
230 125 1
230 208 1
230 228 1
230 206 1
230 52 1
230 32 1
230 2 1
230 71 1
230 146 1
230 137 1
230 42 1
230 19 1
230 178 1
230 20 1
230 198 1
230 225 1
230 153 1
230 44 1
230 195 1
230 1 1
230 31 1
230 203 1
230 90 1
230 144 1
230 108 1
230 151 1
230 139 1
230 102 1
230 58 1
230 89 1
230 150 1
230 204 1
230 209 1
230 168 1
230 5 1
230 167 1
230 103 1
230 166 1
121 215 1
121 12 1
121 161 1
121 51 1
121 201 1
121 191 1
121 65 1
121 196 1
121 176 1
121 158 1
121 194 1
121 19 1
121 130 1
121 72 1
121 153 1
121 140 1
121 40 1
121 170 1
121 1 1
121 28 1
121 68 1
121 22 1
121 108 1
121 182 1
121 151 1
121 99 1
121 134 1
121 172 1
121 112 1
121 149 1
121 190 1
121 89 1
121 70 1
121 94 1
121 209 1
121 167 1
121 113 1
121 157 1
215 12 1
215 50 1
215 199 1
215 191 1
215 60 1
215 45 1
215 111 1
215 196 1
215 106 1
215 52 1
215 32 1
215 154 1
215 194 1
215 71 1
215 120 1
215 198 1
215 225 1
215 4 1
215 153 1
215 9 1
215 195 1
215 31 1
215 203 1
215 74 1
215 144 1
215 151 1
215 105 1
215 99 1
215 112 1
215 185 1
215 27 1
215 58 1
215 75 1
215 188 1
215 69 1
215 94 1
215 7 1
215 166 1
215 157 1
215 3 1
12 24 1
12 50 1
12 156 1
12 111 1
12 125 1
12 208 1
12 106 1
12 123 1
12 228 1
12 32 1
12 2 1
12 154 1
12 19 1
12 198 1
12 130 1
12 140 1
12 79 1
12 44 1
12 9 1
12 128 1
12 90 1
12 22 1
12 110 1
12 76 1
12 108 1
12 139 1
12 27 1
12 102 1
12 75 1
12 190 1
12 188 1
12 70 1
12 168 1
12 103 1
12 117 1
12 3 1
24 161 1
24 50 1
24 91 1
24 45 1
24 111 1
24 196 1
24 106 1
24 176 1
24 123 1
24 228 1
24 53 1
24 32 1
24 194 1
24 19 1
24 178 1
24 120 1
24 20 1
24 130 1
24 225 1
24 72 1
24 4 1
24 40 1
24 44 1
24 170 1
24 9 1
24 195 1
24 28 1
24 203 1
24 68 1
24 76 1
24 108 1
24 182 1
24 105 1
24 139 1
24 102 1
24 190 1
24 188 1
24 69 1
24 70 1
24 94 1
24 204 1
24 167 1
24 166 1
24 157 1
161 50 1
161 91 1
161 201 1
161 191 1
161 60 1
161 65 1
161 111 1
161 125 1
161 106 1
161 176 1
161 2 1
161 154 1
161 194 1
161 71 1
161 137 1
161 54 1
161 130 1
161 72 1
161 170 1
161 195 1
161 1 1
161 31 1
161 68 1
161 108 1
161 182 1
161 151 1
161 134 1
161 136 1
161 172 1
161 112 1
161 102 1
161 58 1
161 5 1
161 7 1
161 117 1
50 91 1
50 199 1
50 60 1
50 156 1
50 123 1
50 228 1
50 53 1
50 206 1
50 189 1
50 158 1
50 32 1
50 2 1
50 178 1
50 54 1
50 120 1
50 153 1
50 140 1
50 170 1
50 28 1
50 31 1
50 128 1
50 90 1
50 14 1
50 144 1
50 110 1
50 182 1
50 151 1
50 99 1
50 134 1
50 185 1
50 102 1
50 58 1
50 75 1
50 89 1
50 70 1
50 204 1
50 96 1
50 168 1
50 5 1
50 7 1
50 167 1
50 103 1
50 117 1
91 199 1
91 51 1
91 56 1
91 77 1
91 60 1
91 65 1
91 156 1
91 223 1
91 176 1
91 123 1
91 53 1
91 206 1
91 189 1
91 52 1
91 32 1
91 194 1
91 71 1
91 178 1
91 54 1
91 120 1
91 130 1
91 40 1
91 28 1
91 68 1
91 14 1
91 74 1
91 144 1
91 76 1
91 182 1
91 37 1
91 27 1
91 102 1
91 149 1
91 190 1
91 89 1
91 150 1
91 113 1
91 3 1
199 51 1
199 201 1
199 77 1
199 191 1
199 156 1
199 111 1
199 196 1
199 208 1
199 176 1
199 228 1
199 53 1
199 206 1
199 137 1
199 54 1
199 198 1
199 4 1
199 153 1
199 79 1
199 44 1
199 203 1
199 90 1
199 68 1
199 74 1
199 110 1
199 151 1
199 105 1
199 136 1
199 139 1
199 190 1
199 188 1
199 89 1
199 69 1
199 94 1
199 204 1
199 96 1
199 5 1
199 157 1
51 82 1
51 56 1
51 191 1
51 60 1
51 65 1
51 45 1
51 208 1
51 109 1
51 206 1
51 2 1
51 194 1
51 71 1
51 19 1
51 1 1
51 128 1
51 90 1
51 108 1
51 182 1
51 134 1
51 37 1
51 172 1
51 185 1
51 102 1
51 75 1
51 89 1
51 69 1
51 70 1
51 94 1
51 150 1
51 204 1
51 209 1
51 168 1
51 113 1
51 166 1
51 157 1
51 3 1
82 201 1
82 191 1
82 60 1
82 156 1
82 111 1
82 125 1
82 106 1
82 228 1
82 189 1
82 158 1
82 52 1
82 32 1
82 2 1
82 198 1
82 130 1
82 4 1
82 44 1
82 9 1
82 195 1
82 1 1
82 74 1
82 22 1
82 110 1
82 108 1
82 27 1
82 75 1
82 149 1
82 89 1
82 94 1
82 5 1
82 117 1
201 56 1
201 156 1
201 142 1
201 45 1
201 111 1
201 125 1
201 228 1
201 109 1
201 206 1
201 189 1
201 158 1
201 52 1
201 154 1
201 137 1
201 54 1
201 120 1
201 130 1
201 72 1
201 4 1
201 140 1
201 40 1
201 170 1
201 9 1
201 1 1
201 31 1
201 203 1
201 128 1
201 74 1
201 27 1
201 149 1
201 190 1
201 94 1
201 204 1
201 7 1
201 113 1
201 117 1
56 77 1
56 60 1
56 156 1
56 142 1
56 223 1
56 125 1
56 196 1
56 208 1
56 106 1
56 84 1
56 206 1
56 52 1
56 154 1
56 71 1
56 178 1
56 54 1
56 198 1
56 225 1
56 72 1
56 4 1
56 79 1
56 203 1
56 144 1
56 182 1
56 134 1
56 136 1
56 185 1
56 27 1
56 58 1
56 69 1
56 94 1
56 96 1
56 168 1
56 5 1
56 7 1
56 113 1
77 191 1
77 65 1
77 156 1
77 142 1
77 45 1
77 111 1
77 125 1
77 208 1
77 176 1
77 228 1
77 109 1
77 84 1
77 53 1
77 178 1
77 130 1
77 72 1
77 40 1
77 9 1
77 1 1
77 90 1
77 68 1
77 74 1
77 108 1
77 151 1
77 99 1
77 136 1
77 37 1
77 172 1
77 112 1
77 190 1
77 89 1
77 69 1
77 150 1
77 204 1
77 209 1
77 168 1
77 113 1
77 166 1
191 60 1
191 156 1
191 142 1
191 111 1
191 106 1
191 109 1
191 53 1
191 158 1
191 32 1
191 146 1
191 42 1
191 19 1
191 54 1
191 120 1
191 20 1
191 225 1
191 72 1
191 140 1
191 44 1
191 9 1
191 22 1
191 144 1
191 15 1
191 151 1
191 134 1
191 139 1
191 185 1
191 27 1
191 102 1
191 190 1
191 70 1
191 204 1
191 96 1
191 168 1
191 5 1
191 167 1
191 103 1
191 117 1
191 3 1
60 65 1
60 156 1
60 45 1
60 111 1
60 106 1
60 176 1
60 123 1
60 32 1
60 2 1
60 146 1
60 54 1
60 120 1
60 130 1
60 225 1
60 40 1
60 79 1
60 44 1
60 1 1
60 28 1
60 90 1
60 110 1
60 108 1
60 182 1
60 99 1
60 134 1
60 37 1
60 139 1
60 102 1
60 75 1
60 149 1
60 70 1
60 96 1
60 209 1
60 168 1
60 7 1
60 167 1
60 113 1
60 166 1
65 156 1
65 142 1
65 45 1
65 208 1
65 228 1
65 109 1
65 53 1
65 52 1
65 2 1
65 154 1
65 71 1
65 137 1
65 198 1
65 225 1
65 72 1
65 4 1
65 40 1
65 79 1
65 170 1
65 28 1
65 31 1
65 128 1
65 90 1
65 74 1
65 22 1
65 110 1
65 108 1
65 15 1
65 182 1
65 151 1
65 105 1
65 185 1
65 27 1
65 102 1
65 75 1
65 89 1
65 70 1
65 94 1
65 204 1
65 96 1
65 113 1
65 117 1
65 166 1
156 142 1
156 125 1
156 208 1
156 106 1
156 109 1
156 189 1
156 158 1
156 52 1
156 32 1
156 2 1
156 71 1
156 146 1
156 42 1
156 19 1
156 178 1
156 130 1
156 225 1
156 72 1
156 153 1
156 170 1
156 9 1
156 1 1
156 31 1
156 203 1
156 90 1
156 14 1
156 74 1
156 22 1
156 136 1
156 139 1
156 172 1
156 27 1
156 149 1
156 190 1
156 188 1
156 89 1
156 69 1
156 70 1
156 94 1
156 150 1
156 204 1
156 96 1
156 209 1
156 5 1
156 7 1
156 113 1
156 117 1
156 3 1
142 45 1
142 196 1
142 106 1
142 176 1
142 84 1
142 146 1
142 137 1
142 42 1
142 19 1
142 20 1
142 198 1
142 130 1
142 72 1
142 4 1
142 140 1
142 31 1
142 128 1
142 90 1
142 68 1
142 22 1
142 110 1
142 15 1
142 151 1
142 105 1
142 136 1
142 27 1
142 190 1
142 69 1
142 70 1
142 94 1
142 168 1
142 5 1
142 167 1
142 103 1
142 117 1
142 157 1
45 223 1
45 125 1
45 196 1
45 208 1
45 176 1
45 123 1
45 189 1
45 32 1
45 146 1
45 137 1
45 42 1
45 198 1
45 72 1
45 14 1
45 74 1
45 22 1
45 76 1
45 108 1
45 15 1
45 105 1
45 134 1
45 136 1
45 139 1
45 190 1
45 70 1
45 150 1
45 96 1
45 168 1
45 7 1
45 113 1
223 111 1
223 196 1
223 53 1
223 52 1
223 71 1
223 146 1
223 42 1
223 54 1
223 120 1
223 198 1
223 140 1
223 79 1
223 44 1
223 170 1
223 31 1
223 203 1
223 128 1
223 68 1
223 14 1
223 22 1
223 76 1
223 105 1
223 99 1
223 134 1
223 136 1
223 37 1
223 139 1
223 102 1
223 58 1
223 75 1
223 70 1
223 168 1
223 167 1
223 103 1
223 157 1
111 125 1
111 106 1
111 84 1
111 53 1
111 189 1
111 158 1
111 32 1
111 2 1
111 154 1
111 42 1
111 20 1
111 4 1
111 153 1
111 40 1
111 79 1
111 44 1
111 31 1
111 203 1
111 128 1
111 110 1
111 108 1
111 15 1
111 99 1
111 37 1
111 27 1
111 58 1
111 70 1
111 150 1
111 5 1
111 117 1
125 196 1
125 208 1
125 106 1
125 189 1
125 52 1
125 32 1
125 2 1
125 154 1
125 71 1
125 146 1
125 42 1
125 178 1
125 54 1
125 120 1
125 198 1
125 130 1
125 225 1
125 72 1
125 140 1
125 79 1
125 44 1
125 195 1
125 203 1
125 90 1
125 14 1
125 144 1
125 76 1
125 182 1
125 151 1
125 105 1
125 99 1
125 139 1
125 112 1
125 185 1
125 58 1
125 190 1
125 188 1
125 89 1
125 94 1
125 150 1
125 204 1
125 5 1
125 7 1
125 103 1
125 113 1
125 166 1
196 208 1
196 123 1
196 228 1
196 53 1
196 189 1
196 158 1
196 32 1
196 2 1
196 71 1
196 137 1
196 42 1
196 19 1
196 178 1
196 20 1
196 130 1
196 44 1
196 9 1
196 195 1
196 1 1
196 31 1
196 128 1
196 68 1
196 14 1
196 74 1
196 182 1
196 151 1
196 105 1
196 99 1
196 37 1
196 139 1
196 149 1
196 94 1
196 150 1
196 204 1
196 7 1
196 167 1
196 166 1
196 157 1
208 106 1
208 123 1
208 228 1
208 53 1
208 189 1
208 158 1
208 52 1
208 2 1
208 137 1
208 54 1
208 120 1
208 195 1
208 28 1
208 128 1
208 90 1
208 68 1
208 108 1
208 15 1
208 105 1
208 102 1
208 149 1
208 190 1
208 188 1
208 89 1
208 69 1
208 103 1
208 113 1
208 117 1
208 157 1
106 176 1
106 109 1
106 53 1
106 206 1
106 189 1
106 52 1
106 2 1
106 194 1
106 71 1
106 146 1
106 42 1
106 178 1
106 54 1
106 130 1
106 72 1
106 153 1
106 40 1
106 79 1
106 170 1
106 128 1
106 14 1
106 144 1
106 110 1
106 108 1
106 15 1
106 182 1
106 136 1
106 112 1
106 102 1
106 75 1
106 149 1
106 89 1
106 69 1
106 96 1
106 168 1
106 5 1
106 167 1
106 103 1
106 113 1
106 117 1
176 123 1
176 228 1
176 32 1
176 194 1
176 137 1
176 42 1
176 178 1
176 54 1
176 20 1
176 130 1
176 225 1
176 4 1
176 153 1
176 140 1
176 79 1
176 44 1
176 170 1
176 9 1
176 1 1
176 28 1
176 203 1
176 90 1
176 74 1
176 22 1
176 76 1
176 182 1
176 151 1
176 99 1
176 37 1
176 172 1
176 185 1
176 27 1
176 75 1
176 190 1
176 89 1
176 150 1
176 209 1
176 113 1
176 166 1
176 157 1
123 228 1
123 109 1
123 158 1
123 154 1
123 19 1
123 178 1
123 54 1
123 198 1
123 4 1
123 40 1
123 170 1
123 9 1
123 31 1
123 128 1
123 68 1
123 14 1
123 110 1
123 76 1
123 15 1
123 182 1
123 37 1
123 102 1
123 58 1
123 75 1
123 190 1
123 94 1
123 209 1
123 7 1
228 109 1
228 84 1
228 32 1
228 154 1
228 71 1
228 146 1
228 137 1
228 42 1
228 178 1
228 54 1
228 130 1
228 79 1
228 44 1
228 170 1
228 128 1
228 14 1
228 144 1
228 76 1
228 108 1
228 15 1
228 182 1
228 172 1
228 185 1
228 58 1
228 149 1
228 190 1
228 188 1
228 69 1
228 70 1
228 150 1
228 204 1
228 209 1
228 7 1
228 113 1
228 117 1
228 157 1
228 3 1
109 84 1
109 206 1
109 189 1
109 2 1
109 178 1
109 54 1
109 198 1
109 79 1
109 44 1
109 170 1
109 1 1
109 14 1
109 74 1
109 22 1
109 182 1
109 134 1
109 185 1
109 58 1
109 190 1
109 188 1
109 70 1
109 150 1
109 96 1
109 166 1
109 157 1
84 53 1
84 206 1
84 189 1
84 158 1
84 52 1
84 32 1
84 137 1
84 54 1
84 20 1
84 130 1
84 225 1
84 72 1
84 44 1
84 9 1
84 128 1
84 14 1
84 22 1
84 76 1
84 182 1
84 151 1
84 188 1
84 168 1
84 113 1
84 117 1
84 166 1
53 206 1
53 189 1
53 71 1
53 120 1
53 140 1
53 79 1
53 9 1
53 195 1
53 28 1
53 99 1
53 139 1
53 185 1
53 27 1
53 75 1
53 89 1
53 168 1
53 7 1
53 113 1
53 117 1
53 166 1
53 157 1
206 189 1
206 52 1
206 2 1
206 146 1
206 19 1
206 20 1
206 198 1
206 4 1
206 79 1
206 9 1
206 31 1
206 68 1
206 76 1
206 108 1
206 15 1
206 151 1
206 105 1
206 99 1
206 134 1
206 37 1
206 112 1
206 58 1
206 75 1
206 190 1
206 188 1
206 89 1
206 69 1
206 150 1
206 103 1
206 113 1
189 158 1
189 52 1
189 2 1
189 146 1
189 19 1
189 54 1
189 120 1
189 140 1
189 170 1
189 195 1
189 1 1
189 28 1
189 14 1
189 22 1
189 144 1
189 76 1
189 182 1
189 105 1
189 99 1
189 37 1
189 139 1
189 112 1
189 75 1
189 5 1
189 103 1
189 113 1
189 157 1
158 52 1
158 194 1
158 146 1
158 42 1
158 19 1
158 54 1
158 120 1
158 72 1
158 4 1
158 153 1
158 140 1
158 79 1
158 1 1
158 203 1
158 90 1
158 68 1
158 14 1
158 22 1
158 110 1
158 151 1
158 99 1
158 136 1
158 37 1
158 185 1
158 27 1
158 149 1
158 190 1
158 188 1
158 69 1
158 70 1
158 150 1
158 209 1
158 168 1
158 5 1
158 167 1
158 117 1
158 166 1
158 157 1
158 3 1
52 32 1
52 2 1
52 71 1
52 178 1
52 130 1
52 140 1
52 79 1
52 170 1
52 31 1
52 90 1
52 68 1
52 144 1
52 110 1
52 99 1
52 172 1
52 188 1
52 94 1
52 96 1
52 166 1
32 2 1
32 194 1
32 146 1
32 137 1
32 120 1
32 130 1
32 170 1
32 195 1
32 1 1
32 203 1
32 128 1
32 68 1
32 76 1
32 182 1
32 134 1
32 37 1
32 185 1
32 190 1
32 188 1
32 69 1
32 204 1
32 209 1
32 168 1
32 167 1
32 103 1
32 113 1
32 117 1
32 157 1
2 154 1
2 194 1
2 146 1
2 42 1
2 19 1
2 178 1
2 120 1
2 198 1
2 130 1
2 72 1
2 4 1
2 44 1
2 170 1
2 31 1
2 90 1
2 14 1
2 110 1
2 182 1
2 172 1
2 27 1
2 58 1
2 75 1
2 188 1
2 94 1
2 209 1
2 168 1
2 5 1
2 103 1
2 166 1
154 194 1
154 146 1
154 137 1
154 42 1
154 19 1
154 120 1
154 72 1
154 140 1
154 79 1
154 68 1
154 22 1
154 108 1
154 99 1
154 134 1
154 136 1
154 37 1
154 172 1
154 75 1
154 149 1
154 190 1
154 188 1
154 150 1
154 168 1
154 5 1
154 167 1
154 103 1
154 157 1
194 71 1
194 146 1
194 42 1
194 19 1
194 20 1
194 130 1
194 225 1
194 153 1
194 140 1
194 195 1
194 28 1
194 74 1
194 144 1
194 151 1
194 136 1
194 172 1
194 185 1
194 27 1
194 75 1
194 209 1
194 167 1
194 103 1
194 166 1
71 146 1
71 42 1
71 54 1
71 20 1
71 198 1
71 130 1
71 40 1
71 170 1
71 28 1
71 144 1
71 76 1
71 108 1
71 15 1
71 99 1
71 112 1
71 102 1
71 58 1
71 75 1
71 190 1
71 94 1
71 209 1
71 168 1
71 5 1
71 103 1
146 137 1
146 42 1
146 225 1
146 153 1
146 40 1
146 68 1
146 14 1
146 22 1
146 76 1
146 108 1
146 15 1
146 99 1
146 136 1
146 139 1
146 172 1
146 112 1
146 185 1
146 102 1
146 58 1
146 190 1
146 69 1
146 209 1
146 7 1
146 167 1
146 103 1
146 113 1
146 157 1
137 42 1
137 54 1
137 120 1
137 20 1
137 198 1
137 225 1
137 72 1
137 153 1
137 44 1
137 9 1
137 195 1
137 1 1
137 31 1
137 203 1
137 68 1
137 22 1
137 15 1
137 182 1
137 99 1
137 37 1
137 185 1
137 27 1
137 102 1
137 75 1
137 188 1
137 69 1
137 94 1
137 204 1
137 96 1
137 168 1
137 5 1
137 7 1
137 167 1
137 166 1
42 19 1
42 178 1
42 20 1
42 9 1
42 195 1
42 31 1
42 74 1
42 22 1
42 76 1
42 108 1
42 15 1
42 182 1
42 136 1
42 172 1
42 102 1
42 190 1
42 188 1
42 209 1
42 168 1
42 117 1
42 166 1
42 3 1
19 178 1
19 130 1
19 4 1
19 140 1
19 40 1
19 1 1
19 28 1
19 203 1
19 68 1
19 22 1
19 108 1
19 172 1
19 149 1
19 188 1
19 209 1
19 7 1
19 103 1
19 113 1
178 54 1
178 120 1
178 198 1
178 130 1
178 72 1
178 4 1
178 44 1
178 9 1
178 1 1
178 28 1
178 128 1
178 90 1
178 68 1
178 14 1
178 74 1
178 144 1
178 76 1
178 134 1
178 136 1
178 172 1
178 112 1
178 58 1
178 75 1
178 70 1
178 94 1
178 204 1
178 96 1
178 117 1
178 166 1
54 120 1
54 225 1
54 4 1
54 153 1
54 40 1
54 79 1
54 9 1
54 195 1
54 28 1
54 14 1
54 74 1
54 15 1
54 139 1
54 58 1
54 75 1
54 190 1
54 188 1
54 69 1
54 168 1
54 5 1
54 167 1
54 103 1
54 117 1
54 157 1
120 20 1
120 130 1
120 140 1
120 79 1
120 90 1
120 22 1
120 108 1
120 151 1
120 27 1
120 102 1
120 70 1
120 209 1
120 117 1
20 198 1
20 1 1
20 28 1
20 31 1
20 203 1
20 128 1
20 90 1
20 74 1
20 144 1
20 108 1
20 182 1
20 105 1
20 185 1
20 58 1
20 149 1
20 190 1
20 89 1
20 69 1
20 5 1
20 167 1
20 103 1
20 166 1
20 157 1
198 130 1
198 225 1
198 4 1
198 153 1
198 140 1
198 79 1
198 44 1
198 195 1
198 1 1
198 28 1
198 203 1
198 128 1
198 110 1
198 15 1
198 182 1
198 151 1
198 136 1
198 37 1
198 139 1
198 172 1
198 112 1
198 27 1
198 102 1
198 149 1
198 190 1
198 188 1
198 89 1
198 94 1
198 150 1
198 209 1
198 117 1
198 166 1
130 225 1
130 140 1
130 170 1
130 1 1
130 203 1
130 90 1
130 68 1
130 14 1
130 144 1
130 108 1
130 105 1
130 139 1
130 172 1
130 185 1
130 58 1
130 190 1
130 94 1
130 168 1
130 5 1
130 7 1
130 167 1
130 103 1
130 117 1
130 166 1
225 72 1
225 4 1
225 153 1
225 140 1
225 79 1
225 9 1
225 195 1
225 1 1
225 28 1
225 31 1
225 76 1
225 136 1
225 37 1
225 139 1
225 172 1
225 112 1
225 185 1
225 58 1
225 75 1
225 188 1
225 70 1
225 94 1
225 209 1
225 168 1
225 5 1
225 166 1
225 3 1
72 4 1
72 40 1
72 79 1
72 1 1
72 31 1
72 203 1
72 128 1
72 90 1
72 68 1
72 74 1
72 182 1
72 151 1
72 172 1
72 27 1
72 58 1
72 149 1
72 188 1
72 150 1
72 166 1
4 153 1
4 44 1
4 9 1
4 195 1
4 1 1
4 203 1
4 14 1
4 22 1
4 144 1
4 108 1
4 105 1
4 37 1
4 172 1
4 112 1
4 185 1
4 58 1
4 75 1
4 188 1
4 204 1
4 96 1
4 7 1
4 167 1
4 113 1
4 166 1
153 140 1
153 40 1
153 44 1
153 1 1
153 90 1
153 14 1
153 22 1
153 110 1
153 182 1
153 105 1
153 99 1
153 134 1
153 37 1
153 139 1
153 112 1
153 27 1
153 58 1
153 69 1
153 94 1
153 7 1
153 103 1
153 113 1
153 3 1
140 40 1
140 79 1
140 9 1
140 195 1
140 128 1
140 68 1
140 74 1
140 151 1
140 99 1
140 136 1
140 58 1
140 70 1
140 94 1
140 96 1
140 166 1
140 3 1
40 79 1
40 44 1
40 170 1
40 90 1
40 14 1
40 74 1
40 22 1
40 144 1
40 15 1
40 151 1
40 99 1
40 136 1
40 172 1
40 112 1
40 185 1
40 75 1
40 89 1
40 70 1
40 96 1
40 5 1
40 7 1
40 157 1
79 44 1
79 28 1
79 203 1
79 22 1
79 108 1
79 15 1
79 151 1
79 134 1
79 139 1
79 172 1
79 112 1
79 185 1
79 27 1
79 102 1
79 58 1
79 75 1
79 190 1
79 69 1
79 204 1
79 209 1
79 168 1
79 103 1
79 113 1
79 166 1
79 157 1
79 3 1
44 170 1
44 195 1
44 28 1
44 203 1
44 128 1
44 74 1
44 22 1
44 110 1
44 99 1
44 134 1
44 136 1
44 172 1
44 185 1
44 102 1
44 58 1
44 75 1
44 5 1
44 103 1
44 166 1
44 157 1
170 9 1
170 28 1
170 203 1
170 74 1
170 144 1
170 76 1
170 108 1
170 15 1
170 151 1
170 134 1
170 172 1
170 27 1
170 102 1
170 58 1
170 75 1
170 69 1
170 94 1
170 209 1
170 117 1
170 166 1
170 3 1
9 195 1
9 31 1
9 203 1
9 76 1
9 15 1
9 105 1
9 134 1
9 139 1
9 112 1
9 185 1
9 204 1
9 209 1
9 7 1
9 117 1
195 1 1
195 31 1
195 90 1
195 14 1
195 74 1
195 108 1
195 99 1
195 136 1
195 172 1
195 27 1
195 102 1
195 149 1
195 209 1
195 168 1
195 5 1
195 167 1
195 117 1
1 28 1
1 31 1
1 203 1
1 128 1
1 68 1
1 14 1
1 110 1
1 182 1
1 172 1
1 185 1
1 58 1
1 75 1
1 188 1
1 89 1
1 69 1
1 94 1
1 96 1
1 157 1
28 31 1
28 203 1
28 14 1
28 144 1
28 110 1
28 15 1
28 151 1
28 105 1
28 99 1
28 134 1
28 37 1
28 139 1
28 172 1
28 27 1
28 75 1
28 190 1
28 89 1
28 94 1
28 209 1
28 168 1
28 5 1
28 113 1
28 3 1
31 203 1
31 14 1
31 76 1
31 151 1
31 105 1
31 134 1
31 136 1
31 27 1
31 58 1
31 149 1
31 89 1
31 94 1
31 204 1
31 96 1
31 168 1
31 5 1
31 7 1
31 117 1
31 166 1
31 3 1
203 128 1
203 14 1
203 151 1
203 139 1
203 172 1
203 27 1
203 89 1
203 69 1
203 94 1
203 204 1
203 96 1
203 168 1
203 167 1
203 113 1
203 157 1
128 90 1
128 68 1
128 14 1
128 108 1
128 139 1
128 172 1
128 185 1
128 75 1
128 209 1
128 103 1
128 117 1
128 3 1
90 68 1
90 15 1
90 105 1
90 134 1
90 172 1
90 75 1
90 89 1
90 69 1
90 70 1
90 150 1
90 5 1
90 167 1
90 113 1
90 166 1
90 157 1
68 14 1
68 144 1
68 108 1
68 15 1
68 182 1
68 105 1
68 136 1
68 172 1
68 112 1
68 102 1
68 70 1
68 94 1
68 5 1
68 7 1
68 167 1
68 117 1
14 74 1
14 144 1
14 110 1
14 134 1
14 37 1
14 112 1
14 70 1
14 204 1
14 167 1
14 113 1
14 117 1
14 3 1
74 22 1
74 144 1
74 110 1
74 76 1
74 37 1
74 185 1
74 27 1
74 102 1
74 58 1
74 188 1
74 69 1
74 96 1
74 168 1
74 7 1
74 113 1
74 166 1
74 3 1
22 144 1
22 108 1
22 15 1
22 139 1
22 112 1
22 75 1
22 70 1
22 103 1
22 113 1
22 117 1
144 110 1
144 15 1
144 105 1
144 99 1
144 134 1
144 172 1
144 69 1
144 70 1
144 204 1
144 168 1
144 7 1
144 167 1
110 76 1
110 15 1
110 136 1
110 37 1
110 139 1
110 185 1
110 27 1
110 102 1
110 149 1
110 89 1
110 204 1
110 209 1
110 103 1
110 157 1
110 3 1
76 108 1
76 134 1
76 136 1
76 37 1
76 112 1
76 75 1
76 89 1
76 69 1
76 70 1
76 204 1
76 96 1
76 168 1
76 5 1
76 7 1
76 103 1
76 113 1
76 117 1
76 166 1
76 157 1
108 15 1
108 182 1
108 151 1
108 37 1
108 172 1
108 112 1
108 185 1
108 75 1
108 188 1
108 70 1
108 150 1
108 204 1
108 96 1
108 168 1
108 5 1
108 167 1
108 103 1
108 113 1
108 117 1
108 157 1
15 182 1
15 105 1
15 99 1
15 37 1
15 112 1
15 185 1
15 149 1
15 190 1
15 89 1
15 70 1
15 94 1
15 5 1
15 103 1
15 113 1
15 166 1
182 151 1
182 96 1
182 209 1
182 168 1
182 3 1
151 105 1
151 134 1
151 37 1
151 112 1
151 102 1
151 96 1
151 7 1
105 99 1
105 134 1
105 27 1
105 89 1
105 94 1
105 150 1
105 168 1
105 5 1
105 113 1
99 134 1
99 136 1
99 75 1
99 149 1
99 89 1
99 168 1
99 113 1
99 117 1
134 136 1
134 37 1
134 139 1
134 172 1
134 112 1
134 185 1
134 190 1
134 188 1
134 89 1
134 150 1
134 209 1
134 168 1
134 117 1
134 166 1
134 3 1
136 37 1
136 172 1
136 185 1
136 27 1
136 75 1
136 94 1
136 168 1
136 5 1
136 7 1
136 113 1
136 117 1
136 166 1
136 157 1
136 3 1
37 139 1
37 172 1
37 112 1
37 102 1
37 58 1
37 89 1
37 69 1
37 70 1
37 150 1
37 204 1
37 167 1
37 113 1
37 117 1
37 166 1
139 172 1
139 27 1
139 149 1
139 190 1
139 70 1
139 94 1
139 204 1
139 209 1
139 168 1
139 103 1
139 157 1
139 3 1
172 112 1
172 27 1
172 75 1
172 149 1
172 188 1
172 69 1
172 209 1
172 168 1
172 5 1
172 7 1
172 103 1
172 117 1
172 166 1
172 157 1
172 3 1
112 185 1
112 27 1
112 102 1
112 149 1
112 190 1
112 89 1
112 69 1
112 209 1
112 167 1
112 103 1
112 113 1
112 166 1
112 3 1
185 27 1
185 102 1
185 150 1
185 209 1
185 168 1
185 5 1
185 7 1
185 113 1
185 166 1
185 3 1
27 102 1
27 69 1
27 150 1
27 204 1
27 96 1
27 117 1
27 166 1
102 58 1
102 149 1
102 89 1
102 70 1
102 94 1
102 150 1
102 167 1
102 103 1
102 117 1
102 166 1
102 3 1
58 75 1
58 149 1
58 188 1
58 89 1
58 69 1
58 150 1
58 168 1
58 7 1
58 113 1
58 117 1
58 166 1
58 157 1
58 3 1
75 149 1
75 190 1
75 89 1
75 69 1
75 70 1
75 204 1
75 167 1
75 103 1
75 157 1
149 204 1
149 96 1
149 168 1
149 7 1
149 103 1
149 166 1
190 188 1
190 89 1
190 69 1
190 70 1
190 150 1
190 204 1
190 209 1
190 103 1
190 166 1
190 157 1
188 94 1
188 209 1
188 7 1
188 103 1
188 166 1
89 70 1
89 94 1
89 204 1
89 209 1
89 167 1
89 103 1
89 117 1
89 166 1
89 157 1
69 70 1
69 168 1
69 7 1
69 103 1
69 157 1
70 94 1
70 5 1
70 167 1
70 117 1
70 157 1
94 5 1
94 7 1
94 167 1
94 117 1
94 157 1
94 3 1
150 96 1
150 209 1
150 167 1
150 117 1
150 166 1
204 96 1
204 209 1
204 168 1
204 113 1
204 3 1
96 209 1
96 167 1
96 117 1
96 166 1
209 5 1
209 113 1
209 117 1
209 157 1
168 5 1
168 7 1
168 117 1
168 157 1
5 7 1
5 167 1
5 103 1
5 117 1
7 167 1
7 103 1
167 117 1
103 113 1
103 117 1
103 166 1
103 157 1
113 117 1
113 3 1
166 157 1
