300 2
8 974689258 267900403 601843422 544770103 945517468 926756582 947953959 366638721
8 499175976 868616383 911666162 526148444 113985128 701056700 25171399 89016608
9 569465116 332390877 181552145 478640782 874759916 524959309 783212526 875163457 722376393
9 72441703 495008045 616773364 964185656 341949324 287910461 547848684 422551570 809998391
8 897110089 874759916 288021299 555927421 880897791 400610153 966046150 515144982
9 29468689 268329980 445249591 788557811 205517115 598700024 983376750 91130615 454104366
8 146565644 650627595 478499741 790241758 967664505 408037915 957551637 862933492
10 551621328 541433041 769831116 790241758 959465132 815409283 348608792 624063060 478499741 170062304
10 616773364 769831116 537773998 855514449 885565901 777145289 819142055 699450887 123719837 911666162
8 947953959 609568672 408037915 399496698 603645522 389077769 685553379 601177651
8 387682509 176618099 123719837 551621328 923680070 146777704 897110089 544770103
9 173070700 436659158 243327644 710479498 186389511 885565901 27213682 349119565 386781649
9 541433041 387682509 842114074 779482119 270135510 598700024 699450887 176618099 862933492
9 91130615 555927421 477658548 799704361 553398163 637250265 226000036 854930680 478640782
10 779413298 776328310 923680070 478640782 247607736 22704134 916914326 91130615 751159320 227868215
10 515144982 941345350 349119565 366638721 113985128 624063060 911666162 391116384 897110089 854930680
10 731482525 547787317 72441703 332390877 253535582 584305648 947114966 854930680 966046150 34223450
8 123719837 526148444 969778544 539090651 855514449 170062304 113985128 703205304
8 945517468 923680070 897110089 63091882 114102228 661796562 22704134 916797690
9 534793687 178315966 29468689 854930680 564107141 978584498 699450887 829985307 60984684
9 262886335 379875878 969778544 551621328 974689258 332390877 9042861 445249591 223143389
10 285444819 64837708 462428004 880897791 386781649 80933684 862933492 624063060 534793687 564522740
8 988197282 38369565 685553379 262886335 732804811 868616383 288021299 379875878
8 769831116 146565644 262886335 495431668 238167758 949257100 699450887 847985071
8 334840295 72441703 777145289 862933492 495431668 555927421 959465132 34223450
9 957551637 974689258 941345350 964185656 724217063 376641580 534793687 43888741 947114966
9 238167758 60984684 181552145 9042861 947953959 267900403 176618099 966046150 541433041
9 975470904 376641580 478499741 769831116 184555813 779413298 964185656 732804811 661796562
10 495431668 815409283 25171399 114102228 170062304 27213682 389077769 547848684 631300829 616773364
9 560882647 710479498 293238604 60721575 809605708 941345350 699450887 815409283 974893681
8 91130615 376641580 146777704 386781649 669225784 205517115 947953959 776328310
10 783212526 25617420 975470904 25171399 366638721 842114074 253535582 332390877 799704361 935264530
10 285444819 707472708 978584498 478499741 603645522 734688325 949257100 974893681 815409283 189751635
9 926756582 515144982 631300829 146565644 114102228 651548404 72441703 779482119 916914326
9 564107141 758282709 178315966 181552145 170062304 113985128 72441703 526148444 949257100
9 916914326 701056700 60984684 38573449 270135510 408037915 858197687 710479498 941345350
8 60721575 391116384 549639486 974893681 926756582 553398163 790241758 436659158
10 348608792 189751635 285444819 478640782 858197687 940051486 38573449 978584498 226000036 436659158
8 445249591 809605708 922308594 703205304 732804811 173070700 983376750 243327644
10 422551570 541433041 293238604 349119565 966046150 9042861 661219037 499175976 892352298 701056700
9 719117539 551621328 178315966 393631865 544770103 819142055 227868215 399496698 916914326
9 186389511 429350157 534793687 731482525 703205304 178315966 537773998 454848809 858197687
9 941345350 38573449 34223450 348608792 635333383 146777704 973447512 793055210 974689258
8 661796562 190520927 123719837 285444819 854930680 601843422 534793687 935264530
8 564107141 223143389 293238604 380023223 495008045 89016608 268329980 819142055
10 226000036 184555813 767887427 25171399 495008045 123719837 815409283 964185656 52516855 34223450
10 616773364 635333383 146565644 624063060 892842619 478640782 969778544 978584498 949257100 445249591
9 829985307 685553379 601843422 809605708 710479498 288021299 181552145 923680070 299683745
9 731482525 184555813 27213682 940051486 707472708 60721575 334840295 767887427 724217063
10 391116384 661796562 635333383 499175976 537773998 809605708 25617420 858197687 862933492 29468689
9 478499741 29468689 598700024 537773998 685553379 268329980 190520927 959465132 769831116
10 799704361 916797690 569465116 854930680 732804811 783212526 227868215 29468689 564522740 651548404
9 400610153 973447512 967664505 767887427 544770103 80933684 584305648 569465116 732804811
8 270135510 966046150 783212526 287910461 332390877 63091882 429350157 784829979
10 541433041 436659158 560882647 325662394 495008045 945517468 896602771 957551637 779413298 947953959
9 916797690 546607009 751159320 779482119 288021299 477658548 262886335 758282709 949257100
9 478640782 178315966 769831116 60721575 478499741 546607009 146565644 299683745 547787317
8 390857518 490218026 146565644 422551570 569465116 940051486 974893681 330859006
8 651548404 978584498 935264530 393631865 181552145 64837708 758282709 334840295
8 25617420 784829979 911666162 544770103 569465116 262886335 661219037 601177651
9 332390877 926756582 967664505 334840295 584305648 959465132 546607009 974893681 186389511
10 146777704 701056700 710479498 569465116 616773364 732804811 966046150 34223450 699450887 892352298
10 923680070 499175976 701056700 349119565 949257100 380023223 25617420 388572542 268329980 522491959
9 967664505 969778544 809605708 388572542 776328310 393631865 287910461 973447512 391116384
9 819142055 386215698 598700024 454104366 935264530 64837708 223143389 114102228 923680070
10 524959309 123719837 25617420 186389511 253535582 966046150 842114074 719117539 732804811 935264530
10 788557811 454104366 60984684 287910461 334840295 330859006 267900403 986371492 547848684 29468689
8 226000036 247607736 546607009 935264530 293238604 945517468 784829979 601843422
10 941345350 52516855 637250265 349119565 974689258 793055210 454104366 975470904 555927421 669225784
9 988197282 560882647 60984684 790241758 896602771 388572542 114102228 539090651 293238604
8 186389511 598700024 703205304 445249591 436659158 386781649 966046150 779482119
10 25617420 522491959 986371492 288021299 945517468 957551637 874759916 896602771 526148444 947953959
10 855514449 113985128 190520927 842114074 287910461 348608792 253535582 72441703 661796562 947114966
9 624063060 957551637 892842619 875163457 701056700 661796562 547787317 783212526 113985128
8 262886335 478640782 349119565 436659158 388572542 776328310 98338420 181552145
9 650627595 429350157 631300829 855514449 389077769 560882647 268329980 238167758 624063060
9 815409283 91130615 391116384 842114074 80933684 967664505 186389511 499175976 408037915
10 651548404 293238604 366638721 874759916 819142055 732804811 462428004 325662394 829985307 724217063
10 388572542 386215698 25617420 63091882 964185656 703205304 779482119 113985128 454104366 966046150
9 724217063 243327644 186389511 393631865 227868215 445249591 560882647 959465132 935264530
9 477658548 896602771 966046150 969778544 287910461 710479498 391116384 146777704 601177651
8 631300829 699450887 422551570 875163457 784829979 916914326 926756582 270135510
10 522491959 495008045 551621328 603645522 973447512 776328310 553398163 541433041 537773998 544770103
10 38369565 964185656 178315966 267900403 454104366 547787317 819142055 897110089 181552145 829985307
8 940051486 29468689 189751635 767887427 601177651 436659158 330859006 113985128
10 379875878 43888741 923680070 243327644 549639486 334840295 685553379 285444819 146565644 38573449
10 935264530 790241758 173070700 541433041 809998391 564107141 287910461 330859006 549639486 993030872
10 862933492 205517115 537773998 546607009 299683745 553398163 293238604 975470904 829985307 391116384
10 499175976 897110089 916797690 268329980 707472708 293238604 60721575 299683745 916914326 631300829
10 731482525 226000036 334840295 892352298 799704361 986371492 707472708 490218026 598700024 601177651
8 113985128 916797690 91130615 779482119 27213682 60984684 993030872 916914326
9 387682509 719117539 959465132 734688325 547787317 376641580 651548404 537773998 399496698
8 551621328 223143389 190520927 923680070 911666162 945517468 376641580 170062304
9 842114074 940051486 547787317 270135510 699450887 555927421 661219037 376641580 490218026
8 490218026 967664505 178315966 267900403 854930680 270135510 947114966 176618099
9 707472708 974585655 732804811 874759916 408037915 325662394 9042861 288021299 299683745
8 478499741 964185656 601843422 499175976 635333383 779413298 669225784 52516855
9 661796562 941345350 190520927 777145289 707472708 564107141 22704134 547787317 993030872
9 616773364 181552145 490218026 922308594 897110089 223143389 829985307 669225784 445249591
8 974893681 815409283 896602771 553398163 544770103 63091882 941345350 809998391
10 631300829 974689258 178315966 847985071 72441703 537773998 598700024 399496698 892352298 885565901
10 983376750 114102228 488218367 584305648 522491959 974585655 941345350 616773364 544770103 896602771
10 488218367 751159320 113985128 783212526 815409283 64837708 722376393 537773998 549639486 299683745
8 551621328 560882647 940051486 949257100 609568672 751159320 858197687 769831116
9 788557811 809605708 947114966 376641580 388572542 732804811 815409283 146565644 560882647
9 779482119 719117539 189751635 896602771 776328310 584305648 60721575 537773998 767887427
10 376641580 564522740 89016608 793055210 170062304 699450887 974585655 829985307 495008045 63091882
9 862933492 875163457 91130615 526148444 181552145 922308594 325662394 935264530 815409283
8 495431668 376641580 829985307 940051486 113985128 911666162 978584498 635333383
8 547848684 722376393 799704361 793055210 454848809 703205304 922308594 400610153
10 974585655 389077769 515144982 974893681 43888741 819142055 462428004 758282709 186389511 947114966
8 537773998 854930680 176618099 601177651 334840295 940051486 60984684 616773364
8 366638721 974893681 724217063 969778544 564107141 189751635 541433041 408037915
1 376641580
10 537773998 940051486 176618099 285444819 247607736 386781649 454104366 205517115 515144982 113985128
1 184555813
8 964185656 146777704 926756582 616773364 462428004 896602771 400610153 635333383
10 601843422 973447512 969778544 113985128 387682509 60721575 537773998 584305648 478640782 868616383
9 661796562 710479498 539090651 731482525 941345350 564522740 29468689 986371492 896602771
9 390857518 978584498 436659158 731482525 699450887 769831116 637250265 847985071 897110089
10 349119565 731482525 988197282 288021299 601843422 366638721 478640782 941345350 247607736 719117539
9 227868215 341949324 386215698 63091882 299683745 293238604 478640782 454104366 732804811
8 341949324 547787317 181552145 767887427 477658548 973447512 923680070 854930680
10 34223450 113985128 38573449 299683745 967664505 777145289 184555813 25171399 247607736 173070700
8 123719837 91130615 268329980 635333383 499175976 60984684 624063060 784829979
8 267900403 325662394 988197282 285444819 534793687 978584498 809998391 379875878
8 701056700 499175976 722376393 584305648 911666162 422551570 29468689 993030872
9 22704134 669225784 285444819 436659158 967664505 685553379 386215698 947114966 389077769
9 422551570 601843422 560882647 707472708 349119565 779413298 940051486 114102228 868616383
9 858197687 983376750 393631865 526148444 601843422 699450887 477658548 114102228 719117539
10 380023223 390857518 598700024 783212526 43888741 267900403 547848684 293238604 564107141 113985128
10 539090651 685553379 603645522 947114966 60984684 63091882 564522740 247607736 809998391 616773364
10 809605708 967664505 758282709 724217063 285444819 896602771 916914326 376641580 546607009 551621328
9 546607009 966046150 91130615 734688325 584305648 89016608 445249591 993030872 524959309
9 777145289 386215698 916797690 935264530 454848809 967664505 386781649 957551637 966046150
8 732804811 388572542 43888741 490218026 941345350 911666162 399496698 777145289
1 226000036
8 190520927 707472708 926756582 253535582 710479498 809605708 341949324 949257100
9 855514449 669225784 551621328 555927421 173070700 734688325 988197282 858197687 978584498
9 966046150 949257100 983376750 598700024 379875878 80933684 178315966 699450887 777145289
10 767887427 334840295 624063060 734688325 60721575 855514449 779413298 880897791 178315966 389077769
10 334840295 661796562 699450887 635333383 819142055 974689258 146777704 892842619 546607009 267900403
8 522491959 288021299 541433041 190520927 892352298 488218367 408037915 624063060
9 29468689 123719837 603645522 422551570 267900403 854930680 285444819 601843422 547787317
8 707472708 393631865 790241758 966046150 784829979 43888741 922308594 551621328
10 495008045 547787317 25617420 947114966 386215698 758282709 855514449 524959309 819142055 205517115
8 897110089 732804811 63091882 495008045 603645522 34223450 270135510 650627595
8 524959309 767887427 637250265 184555813 732804811 916797690 974893681 703205304
9 330859006 349119565 892842619 855514449 25171399 348608792 788557811 916914326 758282709
8 60984684 767887427 60721575 988197282 983376750 547848684 176618099 947953959
8 777145289 945517468 379875878 624063060 114102228 949257100 43888741 270135510
8 631300829 842114074 341949324 387682509 181552145 553398163 186389511 262886335
10 287910461 522491959 146565644 22704134 799704361 226000036 366638721 495431668 923680070 911666162
8 387682509 60984684 661219037 986371492 699450887 181552145 341949324 379875878
8 91130615 243327644 366638721 387682509 299683745 975470904 546607009 488218367
9 60721575 724217063 146777704 408037915 63091882 34223450 707472708 784829979 790241758
9 923680070 601177651 880897791 195252962 330859006 146777704 146565644 724217063 262886335
10 926756582 957551637 539090651 880897791 25617420 732804811 601177651 391116384 495431668 226000036
10 189751635 293238604 967664505 669225784 959465132 546607009 537773998 332390877 945517468 601843422
8 488218367 391116384 926756582 462428004 386215698 734688325 478640782 983376750
9 334840295 22704134 173070700 809998391 719117539 43888741 685553379 287910461 758282709
10 669225784 993030872 847985071 616773364 777145289 9042861 732804811 776328310 436659158 601843422
10 293238604 967664505 651548404 941345350 170062304 205517115 29468689 829985307 181552145 499175976
8 829985307 854930680 544770103 940051486 38573449 522491959 25617420 923680070
9 478640782 707472708 935264530 959465132 366638721 445249591 661796562 793055210 926756582
8 584305648 349119565 379875878 650627595 348608792 758282709 27213682 547848684
8 731482525 790241758 897110089 399496698 488218367 988197282 734688325 779482119
10 603645522 897110089 123719837 25171399 949257100 539090651 25617420 547848684 170062304 815409283
10 436659158 564107141 584305648 986371492 176618099 9042861 922308594 247607736 267900403 205517115
8 262886335 181552145 911666162 146565644 923680070 983376750 178315966 974893681
10 366638721 926756582 386215698 454104366 495431668 916914326 624063060 601177651 945517468 819142055
8 253535582 462428004 777145289 975470904 325662394 584305648 973447512 9042861
9 380023223 547787317 366638721 547848684 247607736 332390877 348608792 399496698 515144982
10 429350157 815409283 227868215 178315966 719117539 490218026 389077769 560882647 769831116 945517468
10 609568672 524959309 243327644 123719837 650627595 114102228 661219037 376641580 564107141 477658548
9 922308594 89016608 598700024 601177651 72441703 285444819 43888741 454848809 226000036
8 123719837 181552145 975470904 436659158 454104366 288021299 488218367 522491959
10 790241758 285444819 885565901 38573449 964185656 243327644 916797690 227868215 189751635 868616383
10 43888741 176618099 974689258 858197687 299683745 916914326 462428004 964185656 522491959 524959309
8 988197282 847985071 195252962 911666162 52516855 349119565 986371492 564107141
8 146777704 885565901 978584498 699450887 89016608 332390877 751159320 27213682
8 173070700 609568672 661219037 616773364 940051486 146777704 777145289 776328310
9 699450887 114102228 957551637 549639486 949257100 388572542 113985128 390857518 34223450
8 555927421 601843422 181552145 703205304 389077769 270135510 799704361 25171399
10 969778544 767887427 974585655 9042861 80933684 701056700 967664505 38369565 669225784 959465132
10 268329980 964185656 767887427 270135510 186389511 9042861 330859006 190520927 537773998 227868215
10 515144982 969778544 875163457 499175976 964185656 330859006 9042861 940051486 988197282 38369565
8 661219037 555927421 195252962 923680070 788557811 478499741 268329980 858197687
9 386781649 186389511 495431668 223143389 926756582 113985128 89016608 974585655 722376393
9 490218026 598700024 799704361 178315966 734688325 819142055 988197282 27213682 911666162
8 91130615 408037915 205517115 732804811 299683745 146777704 422551570 524959309
9 569465116 330859006 399496698 268329980 916914326 389077769 388572542 176618099 114102228
9 788557811 332390877 603645522 223143389 986371492 436659158 379875878 734688325 793055210
10 549639486 974893681 522491959 488218367 462428004 969778544 170062304 544770103 499175976 546607009
9 978584498 783212526 262886335 842114074 170062304 25171399 779413298 495008045 751159320
9 387682509 223143389 858197687 631300829 537773998 52516855 598700024 89016608 25617420
8 949257100 285444819 788557811 815409283 897110089 637250265 790241758 114102228
9 969778544 454104366 959465132 560882647 522491959 892352298 564107141 205517115 380023223
9 926756582 788557811 176618099 847985071 911666162 247607736 387682509 601843422 793055210
10 190520927 72441703 285444819 64837708 569465116 488218367 366638721 288021299 387682509 330859006
8 779413298 114102228 477658548 710479498 173070700 935264530 975470904 25617420
8 916914326 598700024 779413298 268329980 624063060 349119565 751159320 29468689
10 941345350 495008045 829985307 964185656 973447512 63091882 547848684 490218026 178315966 724217063
10 973447512 349119565 262886335 287910461 380023223 181552145 788557811 661219037 478499741 388572542
8 947114966 293238604 988197282 330859006 462428004 862933492 601843422 957551637
9 631300829 547848684 983376750 247607736 27213682 701056700 731482525 923680070 758282709
10 751159320 569465116 892352298 72441703 390857518 190520927 386215698 477658548 922308594 699450887
9 896602771 52516855 945517468 22704134 603645522 569465116 391116384 499175976 348608792
9 661219037 495008045 176618099 551621328 9042861 767887427 544770103 988197282 391116384
8 975470904 553398163 243327644 598700024 262886335 560882647 790241758 974689258
10 262886335 544770103 734688325 146777704 880897791 842114074 522491959 569465116 334840295 973447512
10 173070700 842114074 875163457 724217063 635333383 80933684 731482525 98338420 262886335 631300829
8 784829979 25617420 60721575 38369565 524959309 732804811 268329980 957551637
8 974585655 779482119 72441703 388572542 988197282 767887427 341949324 880897791
10 544770103 880897791 783212526 974893681 387682509 710479498 722376393 454848809 176618099 959465132
9 186389511 268329980 547848684 170062304 478640782 270135510 862933492 564107141 707472708
10 862933492 25617420 964185656 710479498 253535582 598700024 669225784 195252962 978584498 52516855
8 935264530 393631865 170062304 553398163 389077769 253535582 146777704 534793687
9 819142055 176618099 874759916 72441703 293238604 892352298 975470904 784829979 366638721
8 699450887 784829979 390857518 495431668 549639486 195252962 724217063 547787317
9 769831116 707472708 847985071 935264530 885565901 173070700 809998391 926756582 758282709
8 173070700 495431668 555927421 880897791 923680070 499175976 661219037 64837708
10 854930680 868616383 454104366 609568672 325662394 947953959 27213682 25171399 422551570 685553379
9 287910461 64837708 916797690 809998391 949257100 959465132 722376393 299683745 966046150
10 799704361 767887427 9042861 478499741 779482119 809998391 123719837 389077769 769831116 549639486
10 988197282 598700024 454104366 722376393 967664505 661219037 63091882 390857518 190520927 186389511
8 916797690 330859006 598700024 731482525 495008045 784829979 941345350 949257100
9 967664505 986371492 911666162 897110089 376641580 779413298 875163457 499175976 601843422
9 986371492 29468689 923680070 399496698 601843422 349119565 186389511 454104366 247607736
9 719117539 601177651 569465116 892352298 184555813 27213682 146565644 631300829 499175976
8 699450887 34223450 391116384 195252962 967664505 223143389 724217063 267900403
10 238167758 330859006 631300829 892352298 376641580 922308594 454104366 515144982 544770103 790241758
10 601177651 170062304 299683745 181552145 829985307 9042861 91130615 72441703 522491959 477658548
9 703205304 63091882 64837708 661796562 923680070 195252962 941345350 624063060 875163457
10 547848684 341949324 897110089 829985307 238167758 809605708 113985128 874759916 783212526 173070700
10 799704361 379875878 880897791 332390877 478640782 38369565 862933492 387682509 777145289 89016608
9 330859006 478640782 400610153 387682509 189751635 80933684 499175976 534793687 243327644
10 29468689 422551570 564107141 113985128 539090651 651548404 499175976 734688325 195252962 911666162
10 974689258 815409283 790241758 947953959 299683745 685553379 173070700 325662394 940051486 178315966
10 227868215 27213682 601177651 495008045 60984684 478499741 945517468 22704134 569465116 601843422
10 896602771 268329980 170062304 847985071 478640782 349119565 624063060 603645522 829985307 223143389
10 967664505 243327644 537773998 637250265 27213682 287910461 603645522 60721575 390857518 146565644
9 964185656 784829979 779482119 974689258 973447512 478499741 788557811 390857518 809998391
9 288021299 495008045 947953959 89016608 539090651 603645522 701056700 299683745 609568672
9 429350157 325662394 868616383 478640782 969778544 391116384 38369565 624063060 22704134
8 176618099 809998391 477658548 609568672 549639486 788557811 544770103 380023223
10 238167758 722376393 790241758 935264530 25617420 60721575 288021299 751159320 60984684 332390877
8 389077769 223143389 184555813 43888741 243327644 89016608 195252962 635333383
10 783212526 651548404 964185656 388572542 779482119 499175976 189751635 631300829 974893681 146777704
9 386781649 731482525 499175976 332390877 270135510 959465132 478499741 973447512 9042861
8 734688325 268329980 544770103 445249591 710479498 238167758 758282709 43888741
9 113985128 916914326 526148444 547787317 478499741 98338420 650627595 376641580 91130615
8 874759916 477658548 986371492 243327644 896602771 91130615 226000036 549639486
9 974689258 348608792 429350157 783212526 113985128 379875878 945517468 9042861 793055210
8 34223450 784829979 393631865 376641580 478640782 270135510 973447512 732804811
10 769831116 549639486 598700024 223143389 847985071 114102228 957551637 170062304 262886335 935264530
10 376641580 553398163 393631865 325662394 651548404 72441703 113985128 788557811 885565901 974893681
8 916914326 436659158 842114074 22704134 64837708 564107141 388572542 923680070
10 875163457 923680070 123719837 779413298 389077769 293238604 701056700 916797690 897110089 366638721
10 189751635 767887427 25617420 896602771 549639486 847985071 226000036 974893681 495431668 854930680
9 60721575 393631865 661219037 701056700 114102228 287910461 601177651 829985307 722376393
10 393631865 874759916 885565901 113985128 205517115 389077769 616773364 189751635 399496698 966046150
8 969778544 842114074 380023223 408037915 779482119 262886335 966046150 767887427
9 988197282 52516855 478640782 227868215 922308594 546607009 195252962 549639486 722376393
9 98338420 184555813 916797690 495431668 897110089 854930680 379875878 226000036 815409283
10 43888741 490218026 547787317 499175976 27213682 842114074 868616383 243327644 661219037 325662394
9 43888741 564522740 253535582 522491959 661796562 334840295 524959309 227868215 862933492
9 922308594 490218026 767887427 973447512 631300829 253535582 701056700 267900403 707472708
10 539090651 114102228 253535582 98338420 986371492 945517468 751159320 685553379 609568672 616773364
10 799704361 880897791 262886335 624063060 964185656 299683745 988197282 784829979 829985307 113985128
9 975470904 60721575 386781649 25617420 98338420 287910461 524959309 270135510 38573449
10 969778544 287910461 635333383 777145289 537773998 957551637 60984684 25617420 847985071 966046150
8 988197282 247607736 966046150 603645522 537773998 393631865 288021299 515144982
10 27213682 253535582 454104366 268329980 9042861 462428004 854930680 366638721 916797690 584305648
10 880897791 974689258 941345350 564107141 238167758 22704134 862933492 584305648 779482119 429350157
1 515144982
9 267900403 788557811 699450887 189751635 253535582 379875878 874759916 601843422 190520927
10 855514449 631300829 769831116 842114074 454104366 799704361 650627595 495431668 897110089 892842619
9 173070700 940051486 941345350 114102228 299683745 22704134 64837708 973447512 186389511
8 379875878 348608792 701056700 892842619 477658548 941345350 376641580 935264530
10 732804811 784829979 325662394 181552145 25617420 184555813 391116384 734688325 868616383 701056700
1 146565644
10 288021299 422551570 926756582 387682509 25617420 389077769 601843422 541433041 60721575 993030872
9 462428004 287910461 262886335 769831116 916914326 547848684 609568672 60984684 975470904
10 779413298 650627595 408037915 964185656 526148444 724217063 922308594 522491959 376641580 707472708
8 969778544 123719837 325662394 819142055 949257100 386781649 488218367 547787317
8 436659158 779413298 515144982 584305648 790241758 862933492 959465132 332390877
10 959465132 390857518 553398163 293238604 227868215 526148444 911666162 334840295 637250265 247607736
8 897110089 478499741 287910461 9042861 699450887 947114966 978584498 285444819
10 490218026 25171399 974689258 422551570 790241758 146777704 488218367 238167758 170062304 569465116
8 9042861 52516855 478640782 376641580 986371492 973447512 499175976 436659158
8 436659158 488218367 43888741 564522740 993030872 499175976 699450887 703205304
10 170062304 974689258 477658548 769831116 819142055 238167758 986371492 880897791 959465132 724217063
9 176618099 189751635 22704134 710479498 940051486 555927421 983376750 767887427 731482525
10 332390877 293238604 783212526 788557811 43888741 60721575 490218026 847985071 391116384 973447512
10 64837708 855514449 973447512 22704134 734688325 661796562 330859006 799704361 560882647 262886335
8 815409283 422551570 974585655 779413298 809605708 539090651 445249591 544770103
10 539090651 793055210 379875878 195252962 935264530 422551570 779482119 60984684 784829979 777145289
8 43888741 499175976 609568672 287910461 80933684 854930680 436659158 624063060
9 38369565 799704361 624063060 178315966 408037915 779413298 601177651 454104366 223143389
