10 2
10 571835844 268979133 646287425 626401695 955892128 157798602 906691059 43469773 101823753 965120263
1 79180332
9 384452587 108127101 541903389 601095367 451585301 891047768 333018422 511742081 339513621
10 268979133 43469773 466188456 541903389 869964135 757172936 278009742 234551094 157798602 975078788
10 149544006 968693314 325679554 783650878 157798602 106046331 975078788 268979133 43469773 108127101
9 333018422 384452587 975078788 841597326 891047768 108127101 813847339 79180332 626401695
8 43469773 354546567 521760889 434794718 813847339 339513621 968693314 101823753
9 646287425 384452587 325679554 354546567 106046331 663968655 601095367 957413342 268979133
10 913189317 506959381 302621084 43469773 541903389 79180332 548977048 757172936 106046331 965120263
8 384452587 413653999 108127101 957413342 548977048 511742081 150050891 985946604
